# Melissa Graham, gal_sds.ipynb 
# UTC = Tue, 12 Apr 2022 18:45:19 +0000 
# 
# Columns 
#  0 exposure calendar date 
#  1 filename base 
#  2 exposure identifier 
#  3 modified julian date 
#  4 filter 
#  5 mean limiting magnitude (over all subtractions) 
#  6 mean seeing (over all subtractions) 
#  7 mean sky background (over all subtractions) 
#  8 total number of objects 
#  9 total number of objects with R/B>0.6 
# 
 210917   c4d_210917_084048_ori   8965 59474.36167184 g 23.291 1.334    9.271    381     62 
 210917   c4d_210917_084252_ori   8966 59474.36311203 r 22.956 1.184    8.705    183     32 
 210917   c4d_210917_084412_ori   8967 59474.36402923 i 22.493 1.049    8.923    133     23 
 210917   c4d_210917_084510_ori   8968 59474.36470534 z 21.968 1.036   11.700    139     30 
 210917   c4d_210917_084608_ori   8969 59474.36538152 g 23.421 1.369    8.077    483     90 
 210917   c4d_210917_084814_ori   8970 59474.36683476 r 23.088 1.132    7.983    140     23 
 210917   c4d_210917_084933_ori   8971 59474.36775169 i 22.477 1.098    8.489    101     25 
 210917   c4d_210917_085032_ori   8972 59474.36842620 z 21.986 1.034   11.373    153     25 
 210917   c4d_210917_085130_ori   8973 59474.36910150 g 23.585 1.309    7.197    417     80 
 210917   c4d_210917_085334_ori   8974 59474.37054087 r 23.118 1.209    7.349    198     42 
 210917   c4d_210917_085454_ori   8975 59474.37146058 i 22.522 1.101    8.094    113     29 
 210917   c4d_210917_085553_ori   8976 59474.37214179 z 22.052 0.971   11.274    147     41 
 210917   c4d_210917_085729_ori   8977 59474.37325640 g 23.633 1.363    6.614    421     84 
 210917   c4d_210917_085935_ori   8978 59474.37471171 r 23.143 1.260    6.918    162     35 
 210917   c4d_210917_090052_ori   8979 59474.37560990 i 22.390 1.316    7.805     92     19 
 210917   c4d_210917_090151_ori   8980 59474.37628625 z 21.876 1.181   11.111    111     27 
 210917   c4d_210917_090251_ori   8981 59474.37698016 g 23.619 1.413    6.416    348     77 
 210917   c4d_210917_090456_ori   8982 59474.37843109 r 23.226 1.181    6.782    177     41 
 210918   c4d_210918_083819_ori   8983 59475.35994816 g 22.436 1.488   18.718    903    335 
 210918   c4d_210918_084024_ori   8984 59475.36139167 r 22.560 1.154   13.258    242     35 
 210918   c4d_210918_084141_ori   8985 59475.36228751 i 22.198 1.136   10.882    203     39 
 210918   c4d_210918_084240_ori   8986 59475.36297352 z 22.013 0.897   12.926    204     27 
 210918   c4d_210918_084339_ori   8987 59475.36364814 g 22.626 1.314   18.070   1188    279 
 210918   c4d_210918_084544_ori   8988 59475.36509774 r 22.737 0.983   12.900    322     42 
 210918   c4d_210918_084703_ori   8989 59475.36600967 i 22.407 0.938   10.762    178     31 
 210918   c4d_210918_084801_ori   8990 59475.36668558 z 22.031 0.878   12.877    178     41 
 210918   c4d_210918_084900_ori   8991 59475.36736583 g 22.784 1.174   17.268    794    130 
 210918   c4d_210918_085104_ori   8992 59475.36880316 r 22.698 1.045   12.498    245     36 
 210918   c4d_210918_085222_ori   8993 59475.36970731 i 22.350 0.997   10.601    180     41 
 210918   c4d_210918_085320_ori   8994 59475.37037080 z 21.986 0.934   12.768    189     34 
 210918   c4d_210918_085455_ori   8995 59475.37147347 g 22.798 1.219   16.238    721    121 
 210918   c4d_210918_085701_ori   8996 59475.37293175 r 22.689 1.109   12.034    220     35 
 210918   c4d_210918_085818_ori   8997 59475.37382933 i 22.328 1.034   10.424    131     24 
 210918   c4d_210918_085918_ori   8998 59475.37451885 z 21.976 0.950   12.664    193     36 
 210918   c4d_210918_090016_ori   8999 59475.37519259 g 22.815 1.282   15.256    481     73 
 210918   c4d_210918_090221_ori   9000 59475.37663941 r 22.756 1.070   11.591    227     38 
 210918   c4d_210918_090339_ori   9001 59475.37754294 i 22.275 1.112   10.299    124     24 
 210918   c4d_210918_090438_ori   9002 59475.37822480 z 21.851 1.093   12.641    147     28 
 210918   c4d_210918_090538_ori   9003 59475.37892136 g 22.834 1.376   14.106    378     52 
 210918   c4d_210918_090742_ori   9004 59475.38035873 r 22.670 1.217   11.087    150     26 
 210918   c4d_210918_090901_ori   9005 59475.38126590 i 22.255 1.137   10.193    151     33 
 210918   c4d_210918_090959_ori   9006 59475.38193710 z 21.838 1.090   12.673    137     27 
 210920   c4d_210920_083605_ori   9007 59477.35839430 g 21.828 1.742   27.515   2127   1011 
 210920   c4d_210920_083810_ori   9008 59477.35984723 r 21.888 1.576   17.794    323     30 
 210920   c4d_210920_083930_ori   9009 59477.36076877 i 21.836 1.329   12.967    142     29 
 210920   c4d_210920_084028_ori   9010 59477.36144365 z 21.578 1.215   14.315    137     25 
 210920   c4d_210920_084127_ori   9011 59477.36212110 g 21.904 1.655   27.005   2196    955 
 210920   c4d_210920_084332_ori   9012 59477.36356597 r 21.994 1.438   17.540    261     37 
 210920   c4d_210920_084451_ori   9013 59477.36448962 i 21.884 1.271   12.893    172     28 
 210920   c4d_210920_084549_ori   9014 59477.36516096 z 21.622 1.157   14.419    162     33 
 210920   c4d_210920_084649_ori   9015 59477.36585512 g 21.998 1.537   26.688   1976    707 
 210920   c4d_210920_084855_ori   9016 59477.36730578 r 22.104 1.314   17.330    216     32 
 210920   c4d_210920_085013_ori   9017 59477.36821270 i 21.938 1.206   12.825    124     30 
 210920   c4d_210920_085112_ori   9018 59477.36889470 z 21.667 1.099   14.412    147     31 
 210920   c4d_210920_085248_ori   9019 59477.37000817 g 22.108 1.414   26.230   1461    294 
 210920   c4d_210920_085454_ori   9020 59477.37146311 r 22.198 1.214   17.123    191     30 
 210920   c4d_210920_085613_ori   9021 59477.37238155 i 22.091 1.049   12.691    139     35 
 210920   c4d_210920_085713_ori   9022 59477.37307067 z 21.794 0.982   14.277    147     35 
 210920   c4d_210920_085813_ori   9023 59477.37376704 g 22.200 1.302   25.849   1063    201 
 210920   c4d_210920_090018_ori   9024 59477.37521385 r 22.326 1.078   16.838    221     42 
 210920   c4d_210920_090136_ori   9025 59477.37612214 i 22.121 1.027   12.482    136     34 
 210920   c4d_210920_090234_ori   9026 59477.37679357 z 21.873 0.940   13.941    160     30 
 210920   c4d_210920_090333_ori   9027 59477.37747337 g 22.293 1.226   25.511    850    104 
 210920   c4d_210920_090539_ori   9028 59477.37892452 r 22.315 1.139   16.457    224     51 
 210920   c4d_210920_090656_ori   9029 59477.37982586 i 22.062 1.119   12.321    115     27 
 210920   c4d_210920_090756_ori   9030 59477.38051663 z 21.873 0.946   13.798    149     37 
 210923   c4d_210923_083903_ori   9031 59480.36045775 g 22.350 1.485   19.935    518     80 
 210923   c4d_210923_084110_ori   9032 59480.36192137 r 22.416 1.207   13.686    302     38 
 210923   c4d_210923_084228_ori   9033 59480.36283442 i 22.190 1.090   10.695    104     19 
 210923   c4d_210923_084328_ori   9034 59480.36352464 z 21.957 0.984   11.519     78     19 
 210923   c4d_210923_084427_ori   9035 59480.36420826 g 22.443 1.307   19.708    543     75 
 210923   c4d_210923_084633_ori   9036 59480.36567009 r 22.461 1.132   13.550    158     30 
 210923   c4d_210923_084751_ori   9037 59480.36657326 i 22.196 1.099   10.564    115     24 
 210923   c4d_210923_084851_ori   9038 59480.36726450 z 21.940 1.016   11.457     75     17 
 210923   c4d_210923_084949_ori   9039 59480.36793144 g 22.318 1.511   19.566    563     56 
 210923   c4d_210923_085156_ori   9040 59480.36939857 r 22.224 1.454   13.353    847     62 
 210923   c4d_210923_085314_ori   9041 59480.37030970 i 21.926 1.476   10.389    414     29 
 210923   c4d_210923_085413_ori   9042 59480.37099067 z 21.741 1.265   11.193    397     32 
 210923   c4d_210923_085512_ori   9043 59480.37166701 g 22.164 1.759   19.377    908    114 
 210923   c4d_210923_085716_ori   9044 59480.37311334 r 22.271 1.428   13.196    791     58 
 210923   c4d_210923_085836_ori   9045 59480.37402908 i 22.084 1.250   10.224    293     26 
 210923   c4d_210923_085935_ori   9046 59480.37471141 z 21.920 1.074   11.010    102     27 
 210923   c4d_210923_090033_ori   9047 59480.37539096 g 22.355 1.470   19.200    589     69 
 210923   c4d_210923_090239_ori   9048 59480.37684958 r 22.441 1.190   13.076    223     31 
 210923   c4d_210923_090357_ori   9049 59480.37774793 i 22.263 1.041   10.120     83     20 
 210923   c4d_210923_090457_ori   9050 59480.37844507 z 21.991 1.028   10.892     70     19 
 210924   c4d_210924_083457_ori   9051 59481.35761052 g 22.487 1.400   17.856    439     70 
 210924   c4d_210924_083702_ori   9052 59481.35905626 r 22.511 1.186   12.409    126     30 
 210924   c4d_210924_083821_ori   9053 59481.35997661 i 22.220 1.148   10.003     80     20 
 210924   c4d_210924_083922_ori   9054 59481.36067176 z 21.890 1.080   11.036     85     25 
 210924   c4d_210924_084020_ori   9055 59481.36135272 g 22.529 1.388   17.668    546     70 
 210924   c4d_210924_084225_ori   9056 59481.36279411 r 22.460 1.272   12.279    191     36 
 210924   c4d_210924_084345_ori   9057 59481.36372080 i 22.198 1.195    9.890    102     18 
 210924   c4d_210924_084445_ori   9058 59481.36441082 z 21.941 1.063   10.867    113     25 
 210924   c4d_210924_084544_ori   9059 59481.36509579 g 22.483 1.439   17.468    385     57 
 210924   c4d_210924_084748_ori   9060 59481.36653538 r 22.529 1.223   12.150    169     63 
 210924   c4d_210924_084906_ori   9061 59481.36743836 i 22.216 1.211    9.768     98     24 
 210924   c4d_210924_085005_ori   9062 59481.36812415 z 22.072 0.965   10.707    105     32 
 210924   c4d_210924_085105_ori   9063 59481.36880950 g 22.577 1.354   17.250    321     48 
 210924   c4d_210924_085310_ori   9064 59481.37026074 r 22.570 1.186   12.048    116     20 
 210924   c4d_210924_085429_ori   9065 59481.37116937 i 22.287 1.117    9.712     83     21 
 210924   c4d_210924_085528_ori   9066 59481.37185637 z 22.085 0.967   10.683     93     25 
 210924   c4d_210924_085627_ori   9067 59481.37254501 g 22.634 1.321   17.065    354     46 
 210924   c4d_210924_085832_ori   9068 59481.37398768 r 22.608 1.164   11.917    152     30 
 210924   c4d_210924_085950_ori   9069 59481.37488737 i 22.404 1.001    9.626    112     22 
 210924   c4d_210924_090051_ori   9070 59481.37559206 z 22.030 1.009   10.589     82     26 
 210924   c4d_210924_090149_ori   9071 59481.37626585 g 22.616 1.384   16.904    340     46 
 210924   c4d_210924_090353_ori   9072 59481.37770247 r 22.550 1.238   11.829    160     31 
 210924   c4d_210924_090513_ori   9073 59481.37862757 i 22.313 1.115    9.548     82     21 
 210924   c4d_210924_090612_ori   9074 59481.37931024 z 21.993 1.086   10.480     93     25 
 210926   c4d_210926_075839_ori  10074 59483.33240354 g 22.757 1.381   14.803    726    195 
 210926   c4d_210926_080045_ori   9075 59483.33385671 r 22.574 1.297   11.313    133     32 
 210926   c4d_210926_080203_ori   9076 59483.33476499 i 22.156 1.211   10.592    174     42 
 210926   c4d_210926_080302_ori   9077 59483.33544696 z 21.604 1.246   14.036    541    112 
 210926   c4d_210926_080402_ori   9078 59483.33613740 g 22.800 1.336   14.641    596    133 
 210926   c4d_210926_080606_ori   9079 59483.33757365 r 22.678 1.202   11.160    146     28 
 210926   c4d_210926_080725_ori   9080 59483.33849163 i 22.276 1.085   10.567    137     29 
 210926   c4d_210926_080824_ori   9081 59483.33917547 z 21.691 1.132   14.074    152     34 
 210926   c4d_210926_080924_ori   9082 59483.33986318 g 22.719 1.481   14.472    574    191 
 210926   c4d_210926_081128_ori   9083 59483.34130202 r 22.796 1.087   11.124    213     41 
 210926   c4d_210926_081247_ori   9084 59483.34221761 i 22.418 0.940   10.579    181     24 
 210926   c4d_210926_081346_ori   9085 59483.34289471 z 21.920 0.931   13.930    221     37 
 210926   c4d_210926_081444_ori   9086 59483.34357034 g 22.922 1.237   14.347    617    135 
 210926   c4d_210926_081647_ori   9087 59483.34499409 r 22.785 1.103   10.962    347     68 
 210926   c4d_210926_081806_ori   9088 59483.34590570 i 22.436 0.946   10.393    158     34 
 210926   c4d_210926_081905_ori   9089 59483.34658656 z 21.898 0.953   13.668    177     45 
 210926   c4d_210926_082003_ori   9090 59483.34725921 g 22.917 1.233   14.201    431     72 
 210926   c4d_210926_082206_ori   9091 59483.34869168 r 22.800 1.118   10.845    273     51 
 210926   c4d_210926_082327_ori   9092 59483.34962204 i 22.416 0.978   10.231    168     36 
 210926   c4d_210926_082426_ori   9093 59483.35030478 z 21.922 0.952   13.369    160     33 
 210926   c4d_210926_082526_ori   9094 59483.35099932 g 22.897 1.296   14.065    482     75 
 210926   c4d_210926_082730_ori   9095 59483.35243496 r 22.777 1.156   10.758    183     31 
 210926   c4d_210926_082849_ori   9096 59483.35335556 i 22.279 1.147   10.104    117     25 
 210926   c4d_210926_082947_ori   9097 59483.35402658 z 21.792 1.108   13.223    240     52 
 210929   c4d_210929_082257_ori   9098 59486.34927766 g 23.368 1.196   10.179    456     46 
 210929   c4d_210929_082502_ori   9099 59486.35072884 r 23.066 1.062    8.911    286     49 
 210929   c4d_210929_082621_ori   9100 59486.35163253 i 22.546 1.002    8.871    164     29 
 210929   c4d_210929_082720_ori   9101 59486.35232635 z 22.036 0.963   11.872    167     38 
 210929   c4d_210929_082818_ori   9102 59486.35299399 g 23.318 1.243   10.105    438     46 
 210929   c4d_210929_083024_ori   9103 59486.35444505 r 23.109 1.021    8.910    449     87 
 210929   c4d_210929_083141_ori   9104 59486.35534600 i 22.567 0.974    9.045    278     43 
 210929   c4d_210929_083240_ori   9105 59486.35602288 z 22.056 0.921   12.250    189     37 
 210929   c4d_210929_083338_ori   9106 59486.35669738 g 23.377 1.186   10.055    422     55 
 210929   c4d_210929_083543_ori   9107 59486.35813890 r 23.131 1.002    8.968    310     59 
 210929   c4d_210929_083702_ori   9108 59486.35905294 i 22.619 0.915    9.133    299     48 
 210929   c4d_210929_083801_ori   9109 59486.35974114 z 22.153 0.817   12.379    244     45 
 210929   c4d_210929_083859_ori   9110 59486.36040844 g 23.400 1.161   10.035    438     60 
 210929   c4d_210929_084103_ori   9111 59486.36184716 r 23.141 0.992    8.921    290     65 
 210929   c4d_210929_084221_ori   9112 59486.36274581 i 22.589 0.932    9.104    181     43 
 210929   c4d_210929_084320_ori   9113 59486.36342985 z 22.017 0.933   12.183   2426   1555 
 210929   c4d_210929_084419_ori   9114 59486.36411493 g 23.513 1.045    9.995    480     59 
 210929   c4d_210929_084624_ori   9115 59486.36555750 r 23.237 0.924    8.819    328     66 
 210929   c4d_210929_084743_ori   9116 59486.36647634 i 22.664 0.886    8.879    215     44 
 210929   c4d_210929_084842_ori   9117 59486.36715992 z 22.142 0.846   11.904    204     43 
 210929   c4d_210929_084942_ori   9118 59486.36785075 g 23.430 1.136    9.939    429     55 
 210929   c4d_210929_085146_ori   9119 59486.36929345 r 23.101 1.047    8.770    356     68 
 210929   c4d_210929_085305_ori   9120 59486.37020008 i 22.550 0.988    8.923    149     32 
 210929   c4d_210929_085403_ori   9121 59486.37087773 z 22.029 0.954   12.059    203     41 
 210929   c4d_210929_085502_ori   9122 59486.37155148 g 23.408 1.163    9.929    474     54 
 210929   c4d_210929_085706_ori   9123 59486.37299608 r 23.036 1.139    8.739    237     53 
 210929   c4d_210929_085825_ori   9124 59486.37390683 i 22.403 1.145    8.863    134     36 
 210929   c4d_210929_085925_ori   9125 59486.37459495 z 21.811 1.203   11.854    123     26 
 210929   c4d_210929_090022_ori   9126 59486.37525944 g 23.274 1.313    9.945    345     46 
 210929   c4d_210929_090226_ori   9127 59486.37669932 r 22.758 1.183    9.776    185     40 
 210929   c4d_210929_090345_ori   9128 59486.37761385 i 22.405 1.061    9.184    120     24 
 210929   c4d_210929_090444_ori   9129 59486.37829250 z 21.946 1.046   11.817    144     36 
 211002   c4d_211002_083610_ori   9130 59489.35845432 g 23.206 1.201    7.636    350     50 
 211002   c4d_211002_083815_ori   9131 59489.35989859 r 22.559 1.134    8.428    175     32 
 211002   c4d_211002_083933_ori   9132 59489.36080684 i 21.914 0.962    9.089    140     23 
 211002   c4d_211002_084032_ori   9133 59489.36148170 z 21.407 1.017   11.945    124     26 
 211002   c4d_211002_084131_ori   9134 59489.36217016 g 23.049 1.143    8.088    384     40 
 211002   c4d_211002_084335_ori   9135 59489.36360691 r 22.509 1.021    8.804    202     21 
 211002   c4d_211002_084454_ori   9136 59489.36451628 i 22.395 0.889    8.662    155     28 
 211002   c4d_211002_084551_ori   9137 59489.36518186 z 21.316 0.897   12.036    162     33 
 211002   c4d_211002_084651_ori   9138 59489.36587149 g 22.634 1.108    8.542    386    105 
 211002   c4d_211002_084855_ori   9139 59489.36730517 r 21.840 0.932    9.456    214     17 
 211002   c4d_211002_085013_ori   9140 59489.36821670 i 21.472 0.947    9.458    121     17 
 211002   c4d_211002_085113_ori   9141 59489.36890582 z 21.218 0.807   11.999    156     31 
 211002   c4d_211002_085212_ori   9142 59489.36958886 g 22.709 1.055    8.517    356     25 
 211002   c4d_211002_085419_ori   9143 59489.37105653 r 21.936 1.021    9.586    197     19 
 211002   c4d_211002_085538_ori   9144 59489.37197398 i 21.559 0.986    9.390    144     18 
 211002   c4d_211002_085637_ori   9145 59489.37265988 z 21.176 0.861   12.138    145     23 
 211002   c4d_211002_085737_ori   9146 59489.37335534 g 22.770 1.090    8.519    333     26 
 211002   c4d_211002_085942_ori   9147 59489.37479874 r 22.099 0.933    9.457    183     17 
 211002   c4d_211002_090100_ori   9148 59489.37570474 i 20.635 0.923   10.054    124      5 
 211002   c4d_211002_090159_ori   9149 59489.37637873 z 21.094 0.820   12.035    163     23 
 211002   c4d_211002_090259_ori   9150 59489.37707667 g 22.554 1.132    8.975    360     21 
 211002   c4d_211002_090502_ori   9151 59489.37850684 r 21.463 1.014   10.258    215     40 
 211002   c4d_211002_090621_ori   9152 59489.37941543 i 21.432 0.912    9.722    120     11 
 211002   c4d_211002_090721_ori   9153 59489.38011175 z 21.146 0.842   12.254    149     17 
 211005   c4d_211005_084233_ori   9154 59492.36288351 g 23.909 1.120    6.454    504     70 
 211005   c4d_211005_084438_ori   9155 59492.36433093 r 23.478 0.946    6.818    284     76 
 211005   c4d_211005_084556_ori   9156 59492.36524192 i 22.771 0.943    7.744    212     32 
 211005   c4d_211005_084656_ori   9157 59492.36593022 z 22.167 0.909   11.102    191     38 
 211005   c4d_211005_084754_ori   9158 59492.36659916 g 23.789 1.211    6.468    379     60 
 211005   c4d_211005_084958_ori   9159 59492.36803818 r 23.526 0.918    6.759    318     66 
 211005   c4d_211005_085118_ori   9160 59492.36895902 i 22.967 0.798    7.570    398     60 
 211005   c4d_211005_085215_ori   9161 59492.36962664 z 22.454 0.725   10.742    234     38 
 211005   c4d_211005_085314_ori   9162 59492.37030838 g 24.131 0.932    6.531    548     72 
 211005   c4d_211005_085518_ori   9163 59492.37174432 r 23.630 0.838    6.797    318     61 
 211005   c4d_211005_085637_ori   9164 59492.37266050 i 22.829 0.914    7.651    228     45 
 211005   c4d_211005_085735_ori   9165 59492.37333112 g 23.998 1.043    6.626    596     88 
 211005   c4d_211005_085940_ori   9166 59492.37477669 r 23.584 0.872    6.844    331     57 
 211005   c4d_211005_090059_ori   9167 59492.37568676 i 22.852 0.893    7.759    228     37 
 211005   c4d_211005_090157_ori   9168 59492.37635519 g 24.046 0.948    6.910    555     65 
 211005   c4d_211005_090401_ori   9169 59492.37780073 r 23.608 0.817    7.119    303     47 
 211005   c4d_211005_090520_ori   9170 59492.37871185 g 24.001 0.933    7.348    566     58 
 211005   c4d_211005_090724_ori   9171 59492.38014588 r 23.557 0.828    7.389    299     53 
 211011   c4d_211011_083106_ori   9172 59498.35493712 g 23.329 1.612    6.523    472     91 
 211011   c4d_211011_083314_ori   9173 59498.35641309 r 22.830 1.338    7.262    161     41 
 211011   c4d_211011_083432_ori   9174 59498.35732278 i 22.239 1.227    7.996    112     27 
 211011   c4d_211011_083531_ori   9175 59498.35800545 z 21.683 1.231   11.404    129     16 
 211011   c4d_211011_083630_ori   9176 59498.35869042 g 23.484 1.515    6.425    405     92 
 211011   c4d_211011_083835_ori   9177 59498.36013111 r 23.049 1.320    6.906    143     27 
 211011   c4d_211011_083955_ori   9178 59498.36105480 i 22.285 1.309    7.865    128     22 
 211011   c4d_211011_084053_ori   9179 59498.36173410 z 21.674 1.276   11.265    161     26 
 211011   c4d_211011_084152_ori   9180 59498.36241420 g 23.524 1.608    6.314    377     97 
 211011   c4d_211011_084357_ori   9181 59498.36386038 r 23.017 1.433    6.854    224     54 
 211011   c4d_211011_084516_ori   9182 59498.36477261 i 22.317 1.376    7.851    205     28 
 211011   c4d_211011_084615_ori   9183 59498.36545271 z 21.699 1.326   11.336    601     40 
 211011   c4d_211011_084713_ori   9184 59498.36612690 g 23.463 1.510    6.531    395     98 
 211011   c4d_211011_084918_ori   9185 59498.36757037 r 23.108 1.271    6.874    138     34 
 211011   c4d_211011_085037_ori   9186 59498.36848970 i 22.483 1.137    7.755     79     26 
 211011   c4d_211011_085135_ori   9187 59498.36916470 z 22.028 1.017   11.038    108     25 
 211011   c4d_211011_085234_ori   9188 59498.36984524 g 23.595 1.334    6.694    661    129 
 211011   c4d_211011_085438_ori   9189 59498.37128051 r 23.017 1.251    7.176    151     27 
 211011   c4d_211011_085556_ori   9190 59498.37218418 i 22.334 1.120    8.237     87     12 
 211011   c4d_211011_085655_ori   9191 59498.37286428 z 21.796 1.119   11.384    117     25 
 211011   c4d_211011_085753_ori   9192 59498.37353028 g 23.485 1.376    7.242    346     57 
 211011   c4d_211011_085957_ori   9193 59498.37496614 r 23.064 1.217    7.426    156     30 
 211011   c4d_211011_090115_ori   9194 59498.37587685 i 22.237 1.424    8.235    307     30 
 211011   c4d_211011_090214_ori   9195 59498.37655527 z 21.740 1.269   11.513    115     21 
 211017   c4d_211017_081614_ori  10075 59504.34461657 g 23.232 1.139   12.042    502     55 
 211017   c4d_211017_081820_ori  10076 59504.34606627 r 22.992 1.037    9.932    475     63 
 211017   c4d_211017_081940_ori  10077 59504.34699128 i 22.547 0.894    9.702    200     35 
 211017   c4d_211017_082038_ori   9196 59504.34766289 z 22.078 0.855   12.494    244     41 
 211017   c4d_211017_082136_ori   9197 59504.34833931 g 23.376 1.040   11.092    477     50 
 211017   c4d_211017_082342_ori   9198 59504.34979406 r 23.079 0.969    9.477    341     46 
 211017   c4d_211017_082500_ori   9199 59504.35069582 i 22.532 0.927    9.484    172     34 
 211017   c4d_211017_082558_ori   9200 59504.35137425 z 22.095 0.859   12.140    222     42 
 211017   c4d_211017_082658_ori   9201 59504.35206138 g 23.437 1.087   10.027    439     44 
 211017   c4d_211017_082901_ori   9202 59504.35348743 r 23.030 1.075    8.990    208     36 
 211017   c4d_211017_083020_ori   9203 59504.35439923 i 22.565 0.896    9.392    171     29 
 211017   c4d_211017_083118_ori   9204 59504.35507596 z 22.017 0.902   12.362    168     29 
 211017   c4d_211017_083216_ori   9205 59504.35574585 g 23.563 1.088    8.927    452     55 
 211017   c4d_211017_083421_ori   9206 59504.35719668 r 23.227 0.936    8.482    302     49 
 211017   c4d_211017_083540_ori   9207 59504.35810595 i 22.550 0.933    9.262    207     33 
 211017   c4d_211017_083640_ori   9208 59504.35880460 z 22.075 0.871   12.261    179     36 
 211017   c4d_211017_083741_ori   9209 59504.35950379 g 23.628 1.187    7.856    489     49 
 211017   c4d_211017_083945_ori   9210 59504.36094259 r 23.179 1.071    7.864    163     32 
 211017   c4d_211017_084104_ori   9211 59504.36185494 i 22.626 0.898    8.887    231     36 
 211017   c4d_211017_084202_ori   9212 59504.36253064 z 22.135 0.818   12.042    270     41 
 211017   c4d_211017_084300_ori   9213 59504.36319973 g 23.832 1.071    7.118    446     50 
 211017   c4d_211017_084504_ori   9214 59504.36463657 r 23.276 1.030    7.360    220     41 
 211017   c4d_211017_084622_ori   9215 59504.36553977 i 22.651 0.924    8.445    122     25 
 211017   c4d_211017_084721_ori   9216 59504.36621550 z 22.154 0.860   11.425    149     25 
 211018   c4d_211018_083150_ori   9217 59505.35544311 g 22.814 1.321   14.931    423     53 
 211018   c4d_211018_083357_ori   9218 59505.35691087 g 22.949 1.147   14.749    349     50 
 211018   c4d_211018_083602_ori   9219 59505.35835653 r 22.852 0.954   11.201     97     29 
 211018   c4d_211018_083720_ori   9220 59505.35926409 i 22.473 0.883   10.202     96     30 
 211018   c4d_211018_083819_ori   9221 59505.35994218 z 22.054 0.803   12.895    160     31 
 211018   c4d_211018_083917_ori   9222 59505.36061907 g 22.979 1.158   14.077    341     40 
 211018   c4d_211018_084122_ori   9223 59505.36206040 r 22.771 1.100   10.890    132     32 
 211018   c4d_211018_084242_ori   9224 59505.36298770 i 22.449 0.884   10.150     70     18 
 211018   c4d_211018_084340_ori   9225 59505.36366770 z 21.943 0.916   13.009     77     21 
 211018   c4d_211018_084439_ori   9226 59505.36434823 g 23.054 1.126   13.362    349     52 
 211018   c4d_211018_084643_ori   9227 59505.36578669 r 22.925 0.975   10.602    210     49 
 211018   c4d_211018_084803_ori   9228 59505.36671216 i 22.468 0.906   10.023     60     17 
 211018   c4d_211018_084902_ori   9229 59505.36738622 z 22.050 0.839   12.754     98     20 
 211018   c4d_211018_085001_ori   9230 59505.36807524 g 23.105 1.150   12.741    362     49 
 211018   c4d_211018_085205_ori   9231 59505.36950798 r 22.848 1.076   10.407    138     32 
 211018   c4d_211018_085324_ori   9232 59505.37041913 i 22.393 0.960   10.227     69     18 
 211018   c4d_211018_085422_ori   9233 59505.37109819 z 22.050 0.825   12.810    109     28 
 211018   c4d_211018_085522_ori   9234 59505.37178993 g 23.144 1.114   12.636    358     61 
 211018   c4d_211018_085727_ori   9235 59505.37323817 r 22.890 1.000   10.544    109     27 
 211018   c4d_211018_085847_ori   9236 59505.37416216 i 22.350 0.900   11.026     73     18 
 211018   c4d_211018_085946_ori   9237 59505.37483882 z 21.965 0.845   13.350     74     23 
 211018   c4d_211018_090044_ori   9238 59505.37551592 g 22.951 1.197   14.032    394    107 
 211018   c4d_211018_090247_ori   9239 59505.37694369 r 22.727 1.066   11.492    128     27 
 211018   c4d_211018_090406_ori   9240 59505.37785808 i 22.063 1.025   12.989    101     26 
 211018   c4d_211018_090506_ori   9241 59505.37854505 z 21.831 0.910   14.551    103     30 
 211020   c4d_211020_081544_ori   9242 59507.34426845 g 22.132 1.533   24.819    364     60 
 211020   c4d_211020_081749_ori   9243 59507.34571082 r 22.118 1.407   16.328    258     39 
 211020   c4d_211020_081907_ori   9244 59507.34661304 i 21.665 1.573   12.872    307     17 
 211020   c4d_211020_082006_ori   9245 59507.34729877 z 21.521 1.260   14.391    232     27 
 211020   c4d_211020_082105_ori   9246 59507.34798516 g 22.081 1.579   24.523    677    134 
 211020   c4d_211020_082309_ori   9247 59507.34941750 r 22.221 1.267   16.145    197     29 
 211020   c4d_211020_082429_ori   9248 59507.35033775 i 21.859 1.325   12.701    179     22 
 211020   c4d_211020_082528_ori   9249 59507.35102912 z 21.564 1.215   14.135    206     28 
 211020   c4d_211020_082628_ori   9250 59507.35171615 g 22.079 1.642   24.188    430     59 
 211020   c4d_211020_082834_ori   9251 59507.35317390 r 22.169 1.358   15.941    323     26 
 211020   c4d_211020_082952_ori   9252 59507.35407734 i 21.917 1.272   12.538    189     25 
 211020   c4d_211020_083051_ori   9253 59507.35476267 z 21.654 1.136   13.881    181     34 
 211020   c4d_211020_083149_ori   9254 59507.35543444 g 22.380 1.250   23.880    447     56 
 211020   c4d_211020_083353_ori   9255 59507.35686599 r 22.315 1.212   15.834    181     33 
 211020   c4d_211020_083510_ori   9256 59507.35776445 i 22.059 1.107   12.566    151     32 
 211020   c4d_211020_083609_ori   9257 59507.35844535 z 21.720 1.060   14.118    543    107 
 211020   c4d_211020_083708_ori   9258 59507.35912175 g 22.331 1.331   23.608    387     52 
 211020   c4d_211020_083911_ori   9259 59507.36055378 r 22.314 1.218   15.711    217     47 
 211020   c4d_211020_084030_ori   9260 59507.36146570 i 21.884 1.331   12.576    182     24 
 211020   c4d_211020_084129_ori   9261 59507.36214638 z 21.576 1.225   14.182    223     31 
 211020   c4d_211020_084227_ori   9262 59507.36281337 g 22.196 1.530   23.299    558    103 
 211020   c4d_211020_084431_ori   9263 59507.36425091 r 22.210 1.358   15.625    241     24 
 211020   c4d_211020_084550_ori   9264 59507.36516380 i 21.925 1.250   12.759    148     31 
 211020   c4d_211020_084648_ori   9265 59507.36584053 z 21.607 1.184   14.375    154     34 
 211021   c4d_211021_083334_ori   9266 59508.35665314 g 22.240 1.617   21.449    357     46 
 211021   c4d_211021_083540_ori   9267 59508.35811317 r 22.143 1.558   14.429    603     43 
 211021   c4d_211021_083700_ori   9268 59508.35903021 i 21.894 1.412   11.281    413     29 
 211021   c4d_211021_083759_ori   9269 59508.35971204 z 21.750 1.151   12.568    121     20 
 211021   c4d_211021_083857_ori   9270 59508.36038657 g 22.344 1.441   21.413    385     57 
 211021   c4d_211021_084101_ori   9271 59508.36182601 r 22.348 1.293   14.274    212     28 
 211021   c4d_211021_084220_ori   9272 59508.36273177 i 22.102 1.187   11.135     97     20 
 211021   c4d_211021_084318_ori   9273 59508.36341226 z 21.876 1.033   12.305    150     30 
 211021   c4d_211021_084417_ori   9274 59508.36409657 g 22.465 1.272   21.329    433     70 
 211021   c4d_211021_084621_ori   9275 59508.36553143 r 22.476 1.127   14.287    195     31 
 211023   c4d_211023_074209_ori   9276 59510.32094495 g 22.404 1.532   18.611    575     78 
 211023   c4d_211023_074414_ori   9277 59510.32239219 r 22.405 1.317   13.044    312     29 
 211023   c4d_211023_074533_ori   9278 59510.32330213 i 22.059 1.289   10.686    251     26 
 211023   c4d_211023_074631_ori   9279 59510.32397925 z 21.699 1.276   12.105    367     20 
 211023   c4d_211023_074729_ori   9280 59510.32464954 g 22.307 1.696   18.466    727    102 
 211023   c4d_211023_074933_ori   9281 59510.32608337 r 22.248 1.551   12.902    903     37 
 211023   c4d_211023_075051_ori   9282 59510.32698800 i 21.954 1.431   10.569    683     24 
 211023   c4d_211023_075149_ori   9283 59510.32765742 z 21.711 1.274   12.077    322     27 
 211023   c4d_211023_075248_ori   9284 59510.32834009 g 22.356 1.637   18.356    633     47 
 211023   c4d_211023_075452_ori   9285 59510.32977447 r 22.314 1.465   12.814    616     32 
 211023   c4d_211023_075611_ori   9286 59510.33068298 i 22.091 1.277   10.438    248     20 
 211023   c4d_211023_075708_ori   9287 59510.33134917 z 21.808 1.175   11.758    206     31 
 211023   c4d_211023_075807_ori   9288 59510.33203263 g 22.458 1.495   18.228    463     37 
 211023   c4d_211023_080011_ori   9289 59510.33347028 r 22.378 1.420   12.642    404     36 
 211023   c4d_211023_080130_ori   9290 59510.33437543 i 22.032 1.387   10.201    311     18 
 211023   c4d_211023_080228_ori   9291 59510.33504678 z 21.635 1.466   11.452    542     27 
 211023   c4d_211023_080327_ori   9292 59510.33573178 g 22.320 1.720   18.096    725     49 
 211023   c4d_211023_080532_ori   9293 59510.33717800 r 22.294 1.533   12.556    790     43 
 211023   c4d_211023_080649_ori   9294 59510.33807327 i 21.993 1.454   10.146    554     27 
 211023   c4d_211023_080747_ori   9295 59510.33874490 z 21.679 1.407   11.440    433     27 
 211023   c4d_211023_080845_ori   9296 59510.33942058 g 22.335 1.716   17.973    687     45 
 211023   c4d_211023_081049_ori   9297 59510.34084938 r 22.327 1.482   12.535    644     39 
 211023   c4d_211023_081207_ori   9298 59510.34175878 i 22.004 1.441   10.150    421     19 
 211023   c4d_211023_081306_ori   9299 59510.34243324 z 21.642 1.458   11.424    669     39 
 211024   c4d_211024_083419_ori   9300 59511.35716796 g 22.653 1.413   15.583   1460    173 
 211024   c4d_211024_083625_ori   9301 59511.35862809 r 22.567 1.183   11.396    610     55 
 211024   c4d_211024_083744_ori   9302 59511.35953896 i 22.111 1.119   10.590    279     17 
 211024   c4d_211024_083844_ori   9303 59511.36023923 z 21.697 1.067   13.088    461     29 
 211024   c4d_211024_083943_ori   9304 59511.36091907 g 22.697 1.321   15.661    964     88 
 211024   c4d_211024_084147_ori   9305 59511.36235832 r 22.623 1.145   11.471    193     21 
 211024   c4d_211024_084306_ori   9306 59511.36326552 i 22.147 1.150   10.730    131     25 
 211024   c4d_211024_084406_ori   9307 59511.36396568 z 21.721 1.064   13.366    259     30 
 211024   c4d_211024_084506_ori   9308 59511.36466395 g 22.653 1.379   15.975   1129    132 
 211024   c4d_211024_084711_ori   9309 59511.36610721 r 22.504 1.275   11.751    461     44 
 211024   c4d_211024_084831_ori   9310 59511.36702835 i 22.059 1.126   11.223    230     23 
 211024   c4d_211024_084929_ori   9311 59511.36770714 z 21.637 1.102   13.600    441     37 
 211024   c4d_211024_085028_ori   9312 59511.36838430 g 22.641 1.308   16.991    754     81 
 211024   c4d_211024_085232_ori   9313 59511.36981628 r 22.477 1.175   12.694    832    129 
 211025   c4d_211025_081030_ori   9314 59512.34062766 g 23.151 0.977   14.608    551     65 
 211025   c4d_211025_081234_ori   9315 59512.34207047 r 22.982 0.872   11.272    326     50 
 211025   c4d_211025_081353_ori   9316 59512.34298058 i 22.521 0.783   10.838    223     40 
 211025   c4d_211025_081452_ori   9317 59512.34366652 z 22.035 0.757   13.907    223     42 
 211025   c4d_211025_081552_ori   9318 59512.34435514 g 23.187 0.915   14.535    519     63 
 211025   c4d_211025_081757_ori   9319 59512.34580298 r 23.013 0.861   11.140    371     63 
 211025   c4d_211025_081916_ori   9320 59512.34672031 i 22.610 0.738   10.677    205     32 
 211025   c4d_211025_082014_ori   9321 59512.34738734 z 22.053 0.783   13.822    306     43 
 211025   c4d_211025_082112_ori   9322 59512.34806340 g 23.203 0.920   14.467    575     80 
 211025   c4d_211025_082317_ori   9323 59512.34951368 r 22.988 0.880   11.084    353     66 
 211025   c4d_211025_082438_ori   9324 59512.35044922 i 22.573 0.765   10.600    227     38 
 211025   c4d_211025_082536_ori   9325 59512.35111709 z 22.051 0.775   13.708    229     38 
 211025   c4d_211025_082634_ori   9326 59512.35178398 g 23.189 0.929   14.408    561     77 
 211025   c4d_211025_082838_ori   9327 59512.35322428 r 23.000 0.870   11.020    352     58 
 211025   c4d_211025_082956_ori   9328 59512.35412755 i 22.567 0.761   10.541    228     38 
 211025   c4d_211025_083054_ori   9329 59512.35479948 z 22.094 0.687   13.720    211     33 
 211025   c4d_211025_083154_ori   9330 59512.35549119 g 23.123 0.984   14.376    427     55 
 211025   c4d_211025_083400_ori   9331 59512.35694648 r 23.005 0.836   11.081    348     57 
 211025   c4d_211025_083518_ori   9332 59512.35784915 i 22.532 0.771   10.684    217     50 
 211025   c4d_211025_083616_ori   9333 59512.35852995 z 22.026 0.752   13.885    223     37 
 211025   c4d_211025_083716_ori   9334 59512.35922100 g 23.156 0.947   14.436    505     73 
 211025   c4d_211025_083920_ori   9335 59512.36065467 r 22.982 0.850   11.147    386     56 
 211025   c4d_211025_084039_ori   9336 59512.36156340 i 22.411 0.891   10.915    147     29 
 211025   c4d_211025_084138_ori   9337 59512.36224852 z 21.933 0.793   14.272    217     37 
 211029   c4d_211029_080407_ori   9338 59516.33619675 g 21.972 1.157   13.981    363     20 
 211029   c4d_211029_080615_ori   9339 59516.33768436 r 21.744 0.933   14.016    274     19 
 211029   c4d_211029_080735_ori   9340 59516.33860546 i 21.113 0.990   13.509    188     12 
 211029   c4d_211029_080833_ori   9341 59516.33927432 z 20.354 0.931   16.130    189      9 
 211029   c4d_211029_080933_ori   9342 59516.33996788 g 22.850 1.117   11.272    378     32 
 211029   c4d_211029_081139_ori   9343 59516.34142851 r 21.914 0.922   12.502    312     27 
 211029   c4d_211029_081259_ori   9344 59516.34235399 i 20.018 0.986   15.204    129      3 
 211029   c4d_211029_081359_ori   9345 59516.34304511 z 20.130 0.860   16.508    152     13 
 211029   c4d_211029_081459_ori   9346 59516.34374856 g 21.257 1.167   15.336    458    175 
 211029   c4d_211029_081706_ori   9347 59516.34521271 r 21.953 1.026   12.768    179     19 
 211029   c4d_211029_081826_ori   9348 59516.34613912 i 21.112 0.875   13.512    255     13 
 211029   c4d_211029_081925_ori   9349 59516.34682698 z 20.566 0.877   16.041    183     19 
 211029   c4d_211029_082025_ori   9350 59516.34752037 g 22.446 1.086   13.126    801     41 
 211029   c4d_211029_082233_ori   9351 59516.34900166 r 21.899 1.026   13.646    255     22 
 211029   c4d_211029_082354_ori   9352 59516.34993967 i 20.222 1.068   15.165    134      7 
 211029   c4d_211029_082453_ori   9353 59516.35061609 z 19.650 0.968   17.238    147      4 
 211029   c4d_211029_082551_ori   9354 59516.35129186 g 21.894 1.157   14.241    514    152 
 211029   c4d_211029_082758_ori   9355 59516.35275891 r 20.155 1.025   17.629    198     18 
 211029   c4d_211029_082919_ori   9356 59516.35370024 i 19.595 1.039   16.113    131      3 
 211029   c4d_211029_083021_ori   9357 59516.35441396 z 19.173 1.023   16.733    166      4 
 211029   c4d_211029_083120_ori   9358 59516.35509270 g 20.924 1.165   15.051    385     70 
 211029   c4d_211029_083327_ori   9359 59516.35656276 r 19.689 1.140   19.351    197     10 
 211029   c4d_211029_083446_ori   9360 59516.35748202 i 18.905 1.057   16.918    162      9 
 211029   c4d_211029_083547_ori   9361 59516.35819242 z 17.997 0.995   17.525    167      5 
 211101   c4d_211101_073545_ori   9362 59519.31649840 g 23.824 1.461    5.961    483    120 
 211101   c4d_211101_073752_ori   9363 59519.31796653 r 23.273 1.285    6.541    173     38 
 211101   c4d_211101_073911_ori   9364 59519.31888022 i 22.680 1.108    7.542    138     21 
 211101   c4d_211101_074009_ori   9365 59519.31955927 z 21.940 1.192   10.777    127     21 
 211101   c4d_211101_074109_ori   9366 59519.32024555 g 23.855 1.395    5.986    434    108 
 211101   c4d_211101_074314_ori   9367 59519.32169053 r 23.252 1.321    6.631    204     73 
 211101   c4d_211101_074433_ori   9368 59519.32260684 i 22.610 1.151    7.753    104     26 
 211101   c4d_211101_074531_ori   9369 59519.32328331 z 21.950 1.174   11.056    135     25 
 211101   c4d_211101_074630_ori   9370 59519.32396603 g 23.951 1.285    6.011    613    119 
 211101   c4d_211101_074835_ori   9371 59519.32540762 r 23.446 1.085    6.667    275     56 
 211101   c4d_211101_074952_ori   9372 59519.32629974 i 22.695 1.069    7.779    110     20 
 211101   c4d_211101_075050_ori   9373 59519.32696784 z 22.109 0.973   11.193    155     28 
 211101   c4d_211101_075147_ori   9374 59519.32763606 g 23.969 1.247    6.074    489    101 
 211101   c4d_211101_075351_ori   9375 59519.32907305 r 23.324 1.191    6.707    173     44 
 211101   c4d_211101_075510_ori   9376 59519.32997763 i 22.740 1.014    7.704    132     33 
 211101   c4d_211101_075608_ori   9377 59519.33065079 z 21.956 1.207   10.861    145     24 
 211101   c4d_211101_075706_ori   9378 59519.33132120 g 23.954 1.256    6.103    495     94 
 211101   c4d_211101_075910_ori   9379 59519.33275471 r 23.440 1.092    6.677    234     55 
 211101   c4d_211101_080028_ori   9380 59519.33365811 i 22.645 1.128    7.679    102     23 
 211101   c4d_211101_080126_ori   9381 59519.33433442 z 22.050 1.081   10.749    118     26 
 211101   c4d_211101_080225_ori   9382 59519.33502207 g 23.916 1.275    6.153    440     83 
 211101   c4d_211101_080429_ori   9383 59519.33645395 r 23.317 1.201    6.683    158     41 
 211101   c4d_211101_080548_ori   9384 59519.33736490 i 22.655 1.101    7.646     89     25 
 211101   c4d_211101_080646_ori   9385 59519.33804042 z 22.054 1.071   10.810    123     29 
 211104   c4d_211104_075012_ori   9386 59522.32653829 g 23.950 1.258    6.041    481     76 
 211104   c4d_211104_075217_ori   9387 59522.32798306 r 23.378 1.123    6.768    177     37 
 211104   c4d_211104_075336_ori   9388 59522.32888921 i 22.569 1.086    8.370     99     19 
 211104   c4d_211104_075435_ori   9389 59522.32958194 z 21.951 1.056   11.911    130     29 
 211104   c4d_211104_075534_ori   9390 59522.33025575 g 23.982 1.227    6.043    444     78 
 211104   c4d_211104_075739_ori   9391 59522.33170148 r 23.442 1.067    6.741    216     42 
 211104   c4d_211104_075857_ori   9392 59522.33261033 i 22.586 1.099    8.330    115     25 
 211104   c4d_211104_075957_ori   9393 59522.33330075 z 21.912 1.084   12.028    123     31 
 211104   c4d_211104_080056_ori   9394 59522.33398443 g 23.929 1.304    6.038    526    105 
 211104   c4d_211104_080300_ori   9395 59522.33542359 r 23.345 1.165    6.759    123     19 
 211104   c4d_211104_080419_ori   9396 59522.33633790 i 22.608 1.090    8.156     95     27 
 211104   c4d_211104_080517_ori   9397 59522.33701113 z 22.009 1.051   11.619    151     31 
 211104   c4d_211104_080616_ori   9398 59522.33769520 g 23.950 1.271    6.052    433     92 
 211104   c4d_211104_080821_ori   9399 59522.33914227 r 23.419 1.083    6.722    142     39 
 211104   c4d_211104_080941_ori   9400 59522.34006083 i 22.564 1.131    8.039    104     22 
 211104   c4d_211104_081039_ori   9401 59522.34073777 z 21.775 1.283   11.495    248     26 
 211104   c4d_211104_081138_ori   9402 59522.34141405 g 23.792 1.428    6.082    511     97 
 211104   c4d_211104_081342_ori   9403 59522.34284976 r 23.301 1.187    6.812    102     23 
 211104   c4d_211104_081500_ori   9404 59522.34375861 i 22.472 1.179    8.245     89     21 
 211104   c4d_211104_081559_ori   9405 59522.34443726 z 21.830 1.179   11.697    207     33 
 211107   c4d_211107_073127_ori   9406 59525.31351064 g 23.818 1.372    5.964    420    116 
 211107   c4d_211107_073333_ori   9407 59525.31497221 r 23.265 1.136    7.112    142     28 
 211107   c4d_211107_073452_ori   9408 59525.31588755 i 22.501 1.003    8.989     96     29 
 211107   c4d_211107_073551_ori   9409 59525.31657347 z 21.829 0.970   13.116    142     32 
 211107   c4d_211107_073651_ori   9410 59525.31726477 g 23.731 1.343    6.141    419     87 
 211107   c4d_211107_073856_ori   9411 59525.31870799 r 22.948 1.240    7.360    247     48 
 211107   c4d_211107_074016_ori   9412 59525.31963936 i 22.098 1.173    9.199    100     18 
 211107   c4d_211107_074114_ori   9413 59525.32030866 z 21.422 1.092   13.298    122     28 
 211107   c4d_211107_074215_ori   9414 59525.32100980 g 23.524 1.379    6.351    408     86 
 211107   c4d_211107_074418_ori   9415 59525.32244028 r 22.879 1.242    7.424    159     31 
 211107   c4d_211107_074536_ori   9416 59525.32334025 i 22.215 1.203    9.076    103     19 
 211107   c4d_211107_074634_ori   9417 59525.32400753 z 21.462 1.218   13.194    141     26 
 211107   c4d_211107_074732_ori   9418 59525.32467622 g 23.447 1.570    6.289    475     69 
 211107   c4d_211107_074937_ori   9419 59525.32613215 r 22.638 1.407    7.523    246     55 
 211107   c4d_211107_075056_ori   9420 59525.32704530 i 22.130 1.325    9.034    140     22 
 211107   c4d_211107_075155_ori   9421 59525.32772141 z 21.651 1.185   12.984    179     29 
 211107   c4d_211107_075255_ori   9422 59525.32841897 g 23.754 1.475    5.936    623    150 
 211110   c4d_211110_071546_ori   9423 59528.30261732 g 24.175 1.056    5.752    507     91 
 211110   c4d_211110_071750_ori   9424 59528.30405658 r 23.651 0.941    6.136    168     41 
 211110   c4d_211110_071908_ori   9425 59528.30496117 i 22.990 0.874    6.899     95     19 
 211110   c4d_211110_072007_ori   9426 59528.30564065 z 22.384 0.886    9.732    370     62 
 211110   c4d_211110_072104_ori   9427 59528.30630775 g 24.207 1.028    5.766    539     83 
 211110   c4d_211110_072309_ori   9428 59528.30774656 r 23.652 0.959    6.137    249     42 
 211110   c4d_211110_072427_ori   9429 59528.30865178 i 23.023 0.859    6.847    377     53 
 211110   c4d_211110_072526_ori   9430 59528.30933803 z 22.393 0.866    9.632    222     39 
 211110   c4d_211110_072626_ori   9431 59528.31003322 g 24.172 1.057    5.779    441     72 
 211110   c4d_211110_072833_ori   9432 59528.31149841 r 23.685 0.919    6.170    283     62 
 211110   c4d_211110_072951_ori   9433 59528.31240562 i 23.061 0.804    6.874    211     49 
 211110   c4d_211110_073050_ori   9434 59528.31307890 z 22.440 0.809    9.705    202     27 
 211110   c4d_211110_073148_ori   9435 59528.31376101 g 24.238 0.980    5.801    522     74 
 211110   c4d_211110_073354_ori   9436 59528.31521838 r 23.685 0.895    6.240    287     69 
 211110   c4d_211110_073513_ori   9437 59528.31612987 i 22.977 0.912    6.967    207     29 
 211110   c4d_211110_073612_ori   9438 59528.31681618 z 22.411 0.816    9.835    217     47 
 211110   c4d_211110_073713_ori   9439 59528.31751447 g 24.215 1.023    5.803    629     82 
 211110   c4d_211110_073917_ori   9440 59528.31895083 r 23.617 0.966    6.270    216     41 
 211110   c4d_211110_074036_ori   9441 59528.31986587 i 22.917 0.925    7.080    111     19 
 211110   c4d_211110_074134_ori   9442 59528.32053870 z 22.419 0.792    9.979    220     43 
 211110   c4d_211110_074233_ori   9443 59528.32122609 g 24.185 1.052    5.786    550     67 
 211110   c4d_211110_074439_ori   9444 59528.32268010 r 23.686 0.899    6.265    280     55 
 211110   c4d_211110_074559_ori   9445 59528.32360275 i 22.978 0.859    7.114    102     21 
 211110   c4d_211110_074659_ori   9446 59528.32429447 z 22.352 0.818   10.109    180     34 
 211114   c4d_211114_072419_ori   9447 59532.30856135 g 24.087 1.071    6.362    499     79 
 211114   c4d_211114_072625_ori   9448 59532.31001255 r 23.466 0.987    7.170    276     55 
 211114   c4d_211114_072744_ori   9449 59532.31093477 i 22.716 0.899    8.895    430     68 
 211114   c4d_211114_072844_ori   9450 59532.31162089 z 22.116 0.811   13.448    253     44 
 211114   c4d_211114_072943_ori   9451 59532.31230849 g 24.097 1.077    6.207    500     81 
 211114   c4d_211114_073148_ori   9452 59532.31375506 r 23.504 0.953    7.150    275     41 
 211114   c4d_211114_073308_ori   9453 59532.31468280 i 22.799 0.813    8.946    234     34 
 211114   c4d_211114_073406_ori   9454 59532.31535396 z 22.064 0.847   13.455    234     34 
 211114   c4d_211114_073505_ori   9455 59532.31603817 g 24.139 1.050    6.158    554     84 
 211114   c4d_211114_073710_ori   9456 59532.31748290 r 23.579 0.898    7.065    336     60 
 211114   c4d_211114_073829_ori   9457 59532.31839410 i 22.830 0.793    8.955    244     40 
 211114   c4d_211114_073928_ori   9458 59532.31908136 z 22.143 0.783   13.564    286     45 
 211116   c4d_211116_072304_ori   9459 59534.30768689 g 23.369 0.936   13.683    623     90 
 211116   c4d_211116_072510_ori   9460 59534.30915020 r 23.213 0.852   10.139    418     69 
 211116   c4d_211116_072630_ori   9461 59534.31007234 i 22.725 0.864    9.190    222     50 
 211116   c4d_211116_072730_ori   9462 59534.31077256 z 22.317 0.789   11.198    248     58 
 211116   c4d_211116_072829_ori   9463 59534.31145539 g 23.260 1.118   13.267    469     66 
 211116   c4d_211116_073035_ori   9464 59534.31291285 r 23.096 0.997   10.001    184     40 
 211116   c4d_211116_073154_ori   9465 59534.31382485 i 22.588 0.987    9.266    144     30 
 211116   c4d_211116_073253_ori   9466 59534.31450524 z 22.133 0.949   11.395    152     28 
 211116   c4d_211116_073352_ori   9467 59534.31518950 g 23.284 1.128   12.804    459     71 
 211116   c4d_211116_073557_ori   9468 59534.31664277 r 23.118 0.996    9.818    287     55 
 211116   c4d_211116_073715_ori   9469 59534.31754289 i 22.729 0.850    9.196    219     45 
 211116   c4d_211116_073814_ori   9470 59534.31822358 z 22.322 0.750   11.332    233     37 
 211119   c4d_211119_063617_ori   9471 59537.27520329 g 22.767 0.856   27.522    775    104 
 211119   c4d_211119_063825_ori   9472 59537.27668481 r 22.788 0.748   17.826    453     62 
 211119   c4d_211119_063943_ori   9473 59537.27758161 i 22.580 0.641   13.958    256     34 
 211119   c4d_211119_064041_ori   9474 59537.27825482 z 22.222 0.633   15.177    230     32 
 211119   c4d_211119_064139_ori   9475 59537.27892417 g 22.837 0.816   26.950    721     93 
 211119   c4d_211119_064343_ori   9476 59537.28036232 r 22.831 0.734   17.497    826    117 
 211119   c4d_211119_064501_ori   9477 59537.28126498 i 22.492 0.736   13.951    257     36 
 211119   c4d_211119_064559_ori   9478 59537.28193947 z 22.208 0.635   15.288    250     43 
 211119   c4d_211119_064657_ori   9479 59537.28261389 g 22.857 0.815   26.398    753     89 
 211119   c4d_211119_064902_ori   9480 59537.28405655 r 22.826 0.766   17.046    506     69 
 211119   c4d_211119_065020_ori   9481 59537.28496144 i 22.523 0.713   13.496    276     31 
 211119   c4d_211119_065119_ori   9482 59537.28564196 z 22.275 0.623   14.312    238     33 
 211122   c4d_211122_070108_ori   9483 59540.29245421 g 22.628 1.483   18.309   2250    786 
 211122   c4d_211122_070309_ori   9484 59540.29386562 r 22.595 1.322   12.716    840    162 
 211122   c4d_211122_070426_ori   9485 59540.29474811 i 22.281 1.158   11.002    283     50 
 211122   c4d_211122_070522_ori   9486 59540.29539384 z 21.968 1.007   12.736    173     32 
 211122   c4d_211122_070618_ori   9487 59540.29604332 g 22.683 1.442   18.262   2066    540 
 211122   c4d_211122_070820_ori   9488 59540.29745803 r 22.562 1.404   12.667    877    182 
 211122   c4d_211122_070935_ori   9489 59540.29832887 i 22.286 1.164   10.916    309     46 
 211122   c4d_211122_071031_ori   9490 59540.29897110 z 21.934 1.086   12.508    231     28 
 211122   c4d_211122_071127_ori   9491 59540.29961834 g 22.732 1.390   18.213   1559    454 
 211122   c4d_211122_071328_ori   9492 59540.30102906 r 22.676 1.320   12.625    946    161 
 211122   c4d_211122_071444_ori   9493 59540.30190627 i 22.328 1.122   10.782    410     56 
 211122   c4d_211122_071540_ori   9494 59540.30254725 z 22.021 1.036   12.242    366     34 
 211128   c4d_211128_073403_ori   9495 59546.31531608 g 23.549 1.643    8.299    875    270 
 211128   c4d_211128_073609_ori   9496 59546.31677945 r 23.044 1.817    7.618   2436   1325 
 211128   c4d_211128_073728_ori   9497 59546.31769015 i 22.308 1.866    9.005    154     25 
 211128   c4d_211128_073826_ori   9498 59546.31836649 z 22.131 0.965   12.332    617     60 
 211128   c4d_211128_073925_ori   9499 59546.31904501 g 23.697 1.402    8.352   2059    636 
 211128   c4d_211128_074130_ori   9500 59546.32048780 r 23.328 1.199    7.642    455     99 
 211128   c4d_211128_074247_ori   9501 59546.32138708 i 22.448 1.429    8.941   2238   1809 
 211128   c4d_211128_074346_ori   9502 59546.32206333 z 22.129 0.965   12.363    306     37 
 211128   c4d_211128_074444_ori   9503 59546.32273891 g 23.664 1.475    8.388   2479    844 
 211128   c4d_211128_074650_ori   9504 59546.32419554 r 23.331 1.219    7.731   2424    618 
 211128   c4d_211128_074810_ori   9505 59546.32511870 i 22.703 0.984    9.232    262     29 
 211128   c4d_211128_074909_ori   9506 59546.32580596 z 22.111 1.029   12.599    348     24 
 211128   c4d_211128_075007_ori   9507 59546.32647872 g 23.843 1.081    8.443   2140    318 
 211128   c4d_211128_075212_ori   9508 59546.32791701 r 23.461 0.948    7.832    391     62 
 211128   c4d_211128_075329_ori   9509 59546.32881773 i 22.732 0.914    9.027    285     37 
 211128   c4d_211128_075428_ori   9510 59546.32949570 z 22.019 1.016   12.751    403     36 
 211128   c4d_211128_075526_ori   9511 59546.33017158 g 23.781 1.147    8.287    778    105 
 211128   c4d_211128_075731_ori   9512 59546.33162024 r 23.423 1.054    7.532    393     65 
 211128   c4d_211128_075851_ori   9513 59546.33254381 i 22.721 0.960    9.026    288     42 
 211128   c4d_211128_075951_ori   9514 59546.33323255 z 22.097 0.947   12.686    393     42 
 211128   c4d_211128_080050_ori   9515 59546.33392157 g 23.857 1.100    8.341    597     54 
 211128   c4d_211128_080255_ori   9516 59546.33536603 r 23.415 1.124    7.480    609     91 
 211128   c4d_211128_080413_ori   9517 59546.33626510 i 22.788 0.925    8.945    310     33 
 211128   c4d_211128_080512_ori   9518 59546.33694772 z 22.285 0.738   12.738    305     44 
 211201   c4d_211201_072725_ori   9519 59549.31071363 g 24.353 0.940    5.679    599     90 
 211201   c4d_211201_072930_ori   9520 59549.31216249 r 23.720 0.903    6.157    449     61 
 211201   c4d_211201_073049_ori   9521 59549.31307464 i 22.889 0.796    8.479    246     39 
 211201   c4d_211201_073148_ori   9522 59549.31375678 z 22.182 0.810   12.566    319     48 
 211201   c4d_211201_073247_ori   9523 59549.31443865 g 24.263 1.011    5.686    608    105 
 211201   c4d_211201_073452_ori   9524 59549.31588791 r 23.774 0.860    6.186    331     65 
 211201   c4d_211201_073611_ori   9525 59549.31680008 i 22.824 0.834    8.582    346     44 
 211201   c4d_211201_073709_ori   9526 59549.31747622 z 22.130 0.821   12.802    253     45 
 211201   c4d_211201_073808_ori   9527 59549.31814924 g 24.214 1.055    5.731    625    118 
 211201   c4d_211201_074012_ori   9528 59549.31958545 r 23.568 1.032    6.238    246     56 
 211201   c4d_211201_074130_ori   9529 59549.32048670 i 22.705 0.933    8.578    137     32 
 211201   c4d_211201_074228_ori   9530 59549.32115821 z 21.972 0.972   12.481    145     32 
 211201   c4d_211201_074401_ori   9531 59549.32224138 g 24.151 1.092    5.784    459     84 
 211201   c4d_211201_074605_ori   9532 59549.32367721 r 23.647 0.933    6.237    203     49 
 211201   c4d_211201_074725_ori   9533 59549.32459954 i 22.670 0.972    8.528    112     27 
 211201   c4d_211201_074823_ori   9534 59549.32527606 z 22.075 0.852   12.602    126     31 
 211201   c4d_211201_074922_ori   9535 59549.32595503 g 24.213 1.012    5.831    384     56 
 211201   c4d_211201_075126_ori   9536 59549.32739194 r 23.551 1.011    6.329    177     41 
 211201   c4d_211201_075245_ori   9537 59549.32830131 i 22.689 0.914    8.826    116     34 
 211201   c4d_211201_075343_ori   9538 59549.32897909 z 22.059 0.842   13.026    166     38 
 211201   c4d_211201_075441_ori   9539 59549.32964417 g 24.204 1.024    5.889    473     59 
 211201   c4d_211201_075644_ori   9540 59549.33107525 r 23.610 0.941    6.383    205     47 
 211201   c4d_211201_075802_ori   9541 59549.33197298 i 22.773 0.825    8.941    229     41 
 211201   c4d_211201_075900_ori   9542 59549.33264084 z 22.097 0.806   13.136    237     48 
 211204   c4d_211204_073150_ori   9543 59552.31378093 g 23.826 1.572    5.625    495    120 
 211204   c4d_211204_073355_ori   9544 59552.31522916 r 23.359 1.332    6.006    206     55 
 211204   c4d_211204_073512_ori   9545 59552.31612068 i 22.714 1.151    7.164    115     35 
 211204   c4d_211204_073612_ori   9546 59552.31680979 z 22.172 1.022   10.184     96     22 
 211204   c4d_211204_073710_ori   9547 59552.31748416 g 23.935 1.414    5.631    559    158 
 211204   c4d_211204_073915_ori   9548 59552.31892746 r 23.461 1.221    5.963    229     71 
 211204   c4d_211204_074033_ori   9549 59552.31983325 i 22.771 1.108    7.041    136     27 
 211204   c4d_211204_074131_ori   9550 59552.32050356 z 22.177 1.041   10.013    110     20 
 211204   c4d_211204_074229_ori   9551 59552.32117739 g 23.993 1.333    5.633    505    105 
 211204   c4d_211204_074433_ori   9552 59552.32260848 r 23.505 1.148    5.950    177     44 
 211204   c4d_211204_074552_ori   9553 59552.32352827 i 22.780 1.082    6.968     94     20 
 211204   c4d_211204_074650_ori   9554 59552.32419778 z 22.249 0.977    9.841    122     27 
 211204   c4d_211204_074749_ori   9555 59552.32488202 g 24.005 1.302    5.642    484     92 
 211204   c4d_211204_074954_ori   9556 59552.32632072 r 23.465 1.192    5.916    176     44 
 211204   c4d_211204_075112_ori   9557 59552.32722348 i 22.797 1.085    6.824    102     30 
 211204   c4d_211204_075209_ori   9558 59552.32789317 z 22.172 1.080    9.630    113     31 
 211204   c4d_211204_075308_ori   9559 59552.32856820 g 23.970 1.357    5.655    490     99 
 211204   c4d_211204_075512_ori   9560 59552.33000756 r 23.522 1.126    5.935    159     40 
 211204   c4d_211204_075631_ori   9561 59552.33092279 i 22.885 0.972    6.888     73     18 
 211204   c4d_211204_075731_ori   9562 59552.33161226 z 22.244 0.979    9.732    124     28 
 211204   c4d_211204_075829_ori   9563 59552.33228648 g 24.034 1.240    5.704    524    106 
 211204   c4d_211204_080033_ori   9564 59552.33372445 r 23.528 1.129    5.931    195     51 
 211204   c4d_211204_080151_ori   9565 59552.33462584 i 22.830 1.059    6.770     99     22 
 211204   c4d_211204_080250_ori   9566 59552.33530172 z 22.313 0.946    9.457    112     22 
 211207   c4d_211207_071737_ori   9567 59555.30390386 g 24.327 0.922    5.594    597     99 
 211207   c4d_211207_071941_ori   9568 59555.30534411 r 23.664 0.950    6.080    378     81 
 211207   c4d_211207_072100_ori   9569 59555.30625125 i 22.960 0.769    7.863    232     35 
 211207   c4d_211207_072159_ori   9570 59555.30693780 z 22.260 0.788   11.172    281     39 
 211207   c4d_211207_072257_ori   9571 59555.30761382 g 24.305 0.924    5.582    592     82 
 211207   c4d_211207_072503_ori   9572 59555.30906515 r 23.763 0.836    6.047    334     55 
 211207   c4d_211207_072621_ori   9573 59555.30997479 i 22.888 0.847    7.764    269     38 
 211207   c4d_211207_072721_ori   9574 59555.31066592 z 22.232 0.818   11.077    216     43 
 211207   c4d_211207_072819_ori   9575 59555.31133945 g 24.236 1.019    5.573    576     92 
 211207   c4d_211207_073023_ori   9576 59555.31277771 r 23.515 1.078    6.014    207     46 
 211207   c4d_211207_073143_ori   9577 59555.31369981 i 22.799 0.910    7.803    169     29 
 211207   c4d_211207_073242_ori   9578 59555.31437950 z 22.068 0.962   11.205    207     31 
 211207   c4d_211207_073342_ori   9579 59555.31507108 g 24.289 0.956    5.584    558     81 
 211207   c4d_211207_073547_ori   9580 59555.31652403 r 23.765 0.855    6.037    369     65 
 211207   c4d_211207_073706_ori   9581 59555.31743542 i 22.925 0.800    7.886    331     42 
 211207   c4d_211207_073805_ori   9582 59555.31811825 z 22.255 0.776   11.323    282     54 
 211207   c4d_211207_073904_ori   9583 59555.31880158 g 24.191 1.055    5.580    559     80 
 211207   c4d_211207_074109_ori   9584 59555.32025043 r 23.580 1.004    5.968    195     35 
 211207   c4d_211207_074228_ori   9585 59555.32115829 i 22.746 0.967    7.747    100     21 
 211207   c4d_211207_074326_ori   9586 59555.32183097 z 22.312 0.743   11.178    271     50 
 211207   c4d_211207_074426_ori   9587 59555.32252695 g 24.182 1.053    5.588    537     85 
 211207   c4d_211207_074637_ori   9588 59555.32404325 r 23.536 1.055    6.004    177     38 
 211207   c4d_211207_074755_ori   9589 59555.32494836 i 22.633 1.043    7.896    103     28 
 211207   c4d_211207_074853_ori   9590 59555.32562422 z 22.162 0.851   11.307    181     37 
 211210   c4d_211210_072927_ori   9591 59558.31211954 g 24.446 0.850    5.680    489     61 
 211210   c4d_211210_073132_ori   9592 59558.31356995 r 23.950 0.738    5.969    293     42 
 211210   c4d_211210_073250_ori   9593 59558.31447677 i 23.165 0.687    7.614    304     32 
 211210   c4d_211210_073350_ori   9594 59558.31516635 z 22.543 0.620   11.139    301     37 
 211210   c4d_211210_073449_ori   9595 59558.31584853 g 24.560 0.748    5.673    206     21 
 211210   c4d_211210_073653_ori   9596 59558.31728988 r 23.973 0.712    5.984    277     33 
 211210   c4d_211210_073812_ori   9597 59558.31820566 i 23.184 0.648    7.689    214     28 
 211210   c4d_211210_073910_ori   9598 59558.31887057 z 22.499 0.634   11.307    226     34 
 211210   c4d_211210_074008_ori   9599 59558.31953925 g 24.528 0.770    5.682    288     30 
 211210   c4d_211210_074212_ori   9600 59558.32098303 r 23.921 0.760    5.997    302     44 
 211210   c4d_211210_074331_ori   9601 59558.32189056 i 23.074 0.745    7.671    235     24 
 211210   c4d_211210_074429_ori   9602 59558.32256449 z 22.445 0.659   11.278    251     37 
 211210   c4d_211210_074527_ori   9603 59558.32323737 g 24.402 0.852    5.679    490     78 
 211210   c4d_211210_074731_ori   9604 59558.32467323 r 23.915 0.744    5.990    263     44 
 211210   c4d_211210_074850_ori   9605 59558.32558096 i 23.072 0.729    7.658    205     34 
 211210   c4d_211210_074947_ori   9606 59558.32624953 z 22.490 0.636   11.182    243     33 
 211210   c4d_211210_075045_ori   9607 59558.32691675 g 24.500 0.794    5.679    450     47 
 211210   c4d_211210_075249_ori   9608 59558.32834720 r 23.974 0.706    5.990    281     38 
 211210   c4d_211210_075406_ori   9609 59558.32924534 i 23.162 0.654    7.733    214     36 
 211210   c4d_211210_075505_ori   9610 59558.32991994 z 22.474 0.636   11.373    231     28 
 211210   c4d_211210_075604_ori   9611 59558.33061068 g 24.461 0.814    5.713    442     51 
 211210   c4d_211210_075809_ori   9612 59558.33205516 r 23.846 0.791    6.018    317     60 
 211210   c4d_211210_075928_ori   9613 59558.33297421 i 23.000 0.765    7.796    234     39 
 211210   c4d_211210_080027_ori   9614 59558.33364830 z 22.369 0.706   11.561    248     34 
 211213   c4d_211213_071108_ori   9615 59561.29940505 g 23.998 1.313    5.563    518     85 
 211213   c4d_211213_071313_ori   9616 59561.30085141 r 23.562 1.142    5.673    264     74 
 211213   c4d_211213_071433_ori   9617 59561.30177420 i 22.807 1.142    6.666    161     40 
 211213   c4d_211213_071532_ori   9618 59561.30245888 z 22.291 0.962    9.317    187     29 
 211213   c4d_211213_071630_ori   9619 59561.30312778 g 24.127 1.164    5.563    546    103 
 211213   c4d_211213_071834_ori   9620 59561.30457109 r 23.631 1.055    5.676    237     50 
 211213   c4d_211213_071954_ori   9621 59561.30548714 i 22.839 1.062    6.715    114     30 
 211213   c4d_211213_072052_ori   9622 59561.30616333 z 22.068 1.162    9.255    120     20 
 211213   c4d_211213_072151_ori   9623 59561.30684490 g 24.108 1.204    5.553    535    117 
 211213   c4d_211213_072356_ori   9624 59561.30829037 r 23.665 1.046    5.597    325     81 
 211213   c4d_211213_072514_ori   9625 59561.30919636 i 22.929 1.025    6.419    162     34 
 211213   c4d_211213_072614_ori   9626 59561.30988608 z 22.237 1.074    8.721    116     32 
 211213   c4d_211213_072712_ori   9627 59561.31056225 g 24.053 1.239    5.559    484    110 
 211213   c4d_211213_072917_ori   9628 59561.31201097 r 23.455 1.264    5.553    306    111 
 211213   c4d_211213_073038_ori   9629 59561.31294480 i 22.794 1.146    6.280     74     17 
 211213   c4d_211213_073136_ori   9630 59561.31361758 z 22.175 1.152    8.713    107     23 
 211213   c4d_211213_073235_ori   9631 59561.31430420 g 24.085 1.202    5.586    479     89 
 211213   c4d_211213_073440_ori   9632 59561.31574715 r 23.545 1.140    5.696    235     61 
 211213   c4d_211213_073559_ori   9633 59561.31666457 i 22.768 1.157    6.594    102     25 
 211213   c4d_211213_073656_ori   9634 59561.31732544 z 22.310 0.965    9.166    145     29 
 211213   c4d_211213_073755_ori   9635 59561.31800656 g 24.106 1.183    5.589    472     75 
 211213   c4d_211213_074000_ori   9636 59561.31945094 r 23.631 1.058    5.666    256     66 
 211213   c4d_211213_074118_ori   9637 59561.32035719 i 22.847 1.071    6.576    118     39 
 211213   c4d_211213_074217_ori   9638 59561.32103713 z 22.357 0.908    9.168    150     33 
 211216   c4d_211216_051804_ori   9639 59564.22088104 g 23.201 0.908   16.624    670     84 
 211216   c4d_211216_052009_ori   9640 59564.22233431 r 23.121 0.817   11.488    376     50 
 211216   c4d_211216_052128_ori   9641 59564.22324467 i 22.702 0.823    9.879    253     34 
 211216   c4d_211216_052228_ori   9642 59564.22393781 z 22.432 0.662   11.747    260     37 
 211216   c4d_211216_052326_ori   9643 59564.22461471 g 23.194 0.922   16.493    595     64 
 211216   c4d_211216_052531_ori   9644 59564.22605563 r 23.108 0.849   11.464    408     63 
 211216   c4d_211216_052650_ori   9645 59564.22697063 i 22.733 0.767    9.882    239     31 
 211216   c4d_211216_052749_ori   9646 59564.22765403 z 22.263 0.788   11.959    231     42 
 211216   c4d_211216_052847_ori   9647 59564.22833010 g 23.191 0.927   16.375    566     71 
 211216   c4d_211216_053059_ori   9648 59564.22985003 r 23.145 0.817   11.358    356     62 
 211216   c4d_211216_053217_ori   9649 59564.23076355 i 22.724 0.762    9.916    251     35 
 211216   c4d_211216_053315_ori   9650 59564.23142879 z 22.254 0.748   12.037    330     43 
 211216   c4d_211216_053414_ori   9651 59564.23211269 g 23.081 1.018   16.246    371     56 
 211216   c4d_211216_053618_ori   9652 59564.23354996 r 22.949 0.955   11.284     86     24 
 211216   c4d_211216_053736_ori   9653 59564.23445084 i 22.568 0.898    9.911    112     26 
 211216   c4d_211216_053836_ori   9654 59564.23514027 z 22.192 0.784   12.112    251     42 
 211216   c4d_211216_053934_ori   9655 59564.23581748 g 23.140 0.988   16.140    484     59 
 211216   c4d_211216_054139_ori   9656 59564.23726032 r 23.004 0.920   11.281    183     41 
 211216   c4d_211216_054258_ori   9657 59564.23817314 i 22.576 0.877   10.004     99     20 
 211216   c4d_211216_054356_ori   9658 59564.23884324 z 22.267 0.715   12.286    269     36 
 211216   c4d_211216_054455_ori   9659 59564.23952736 g 22.954 1.164   16.017    288     41 
 211216   c4d_211216_054659_ori   9660 59564.24097078 r 22.901 1.031   11.193    116     27 
 211216   c4d_211216_054818_ori   9661 59564.24188644 i 22.661 0.825    9.965    241     36 
 211216   c4d_211216_054917_ori   9662 59564.24255884 z 22.100 0.857   12.251    112     27 
 211219   c4d_211219_050721_ori   9663 59567.21344016 g 22.208 1.347   27.584    847     74 
 211219   c4d_211219_050927_ori   9664 59567.21489750 r 22.069 1.418   17.828    340     48 
 211219   c4d_211219_051045_ori   9665 59567.21580732 i 21.885 1.252   13.805    132     24 
 211219   c4d_211219_051144_ori   9666 59567.21649075 z 21.479 1.375   14.734    300     24 
 211219   c4d_211219_051243_ori   9667 59567.21716718 g 22.224 1.338   27.510    608     64 
 211219   c4d_211219_051447_ori   9668 59567.21860217 r 22.236 1.182   17.765    256     32 
 211219   c4d_211219_051606_ori   9669 59567.21952525 i 22.058 1.051   13.839    115     21 
 211219   c4d_211219_051705_ori   9670 59567.22020147 z 21.715 1.014   14.982    157     21 
 211219   c4d_211219_051803_ori   9671 59567.22087682 g 22.171 1.420   27.351    785     84 
 211219   c4d_211219_052009_ori   9672 59567.22233646 r 22.236 1.193   17.708    328     40 
 211219   c4d_211219_052129_ori   9673 59567.22325695 i 21.874 1.229   13.927    275     24 
 211219   c4d_211219_052228_ori   9674 59567.22394107 z 21.558 1.185   15.414    242     37 
 211222   c4d_211222_052623_ori   9675 59570.22666444 g 22.633 1.390   18.719    326     38 
 211222   c4d_211222_052828_ori   9676 59570.22811131 r 22.546 1.247   13.213    183     29 
 211222   c4d_211222_052947_ori   9677 59570.22902642 i 22.310 1.076   10.656    101     22 
 211222   c4d_211222_053046_ori   9678 59570.22971054 z 22.035 1.007   11.241    120     32 
 211222   c4d_211222_053144_ori   9679 59570.23037957 g 22.728 1.271   18.691    365     49 
 211222   c4d_211222_053349_ori   9680 59570.23182292 r 22.656 1.119   13.253    191     45 
 211222   c4d_211222_053508_ori   9681 59570.23273334 i 22.281 1.101   10.761    102     25 
 211222   c4d_211222_053607_ori   9682 59570.23341451 z 21.886 1.113   11.522    134     25 
 211222   c4d_211222_053704_ori   9683 59570.23408531 g 22.388 1.715   18.633   1723    150 
 211222   c4d_211222_053909_ori   9684 59570.23552964 r 22.401 1.396   13.238    593     94 
 211222   c4d_211222_054028_ori   9685 59570.23643809 i 22.026 1.412   10.763    202     25 
 211222   c4d_211222_054126_ori   9686 59570.23711416 z 21.641 1.423   11.573    776     75 
 211222   c4d_211222_054225_ori   9687 59570.23779800 g 22.361 1.775   18.669    935     82 
 211222   c4d_211222_054430_ori   9688 59570.23924593 r 22.294 1.555   13.249   1044     69 
 211222   c4d_211222_054549_ori   9689 59570.24015224 i 21.985 1.453   10.706    292     28 
 211222   c4d_211222_054647_ori   9690 59570.24082894 z 21.726 1.342   11.327    240     22 
 211222   c4d_211222_054745_ori   9691 59570.24150086 g 22.552 1.481   18.710    684     45 
 211222   c4d_211222_054949_ori   9692 59570.24293724 r 22.537 1.245   13.226    240     26 
 211222   c4d_211222_055107_ori   9693 59570.24383760 i 22.217 1.186   10.585    127     20 
 211222   c4d_211222_055207_ori   9694 59570.24452912 z 21.953 1.089   11.046    127     29 
 211222   c4d_211222_055306_ori   9695 59570.24520909 g 22.691 1.303   18.697    372     34 
 211222   c4d_211222_055510_ori   9696 59570.24664491 r 22.641 1.159   13.214    196     31 
 211222   c4d_211222_055628_ori   9697 59570.24754940 i 22.418 0.968   10.577    116     27 
 211222   c4d_211222_055726_ori   9698 59570.24822260 z 22.140 0.930   11.015    163     33 
 211224   c4d_211224_052219_ori   9699 59572.22383490 g 22.934 0.954   16.296    542     55 
 211224   c4d_211224_052425_ori   9700 59572.22529649 r 22.759 0.878   12.949    299     54 
 211224   c4d_211224_052543_ori   9701 59572.22620139 i 22.447 0.832   10.699    180     38 
 211224   c4d_211224_052642_ori   9702 59572.22688078 z 22.024 0.838   11.381    103     17 
 211224   c4d_211224_052742_ori   9703 59572.22757464 g 23.121 1.021   15.055    431     55 
 211224   c4d_211224_052946_ori   9704 59572.22900709 r 22.963 0.856   11.967    367     60 
 211224   c4d_211224_053105_ori   9705 59572.22992299 i 22.415 0.850   10.902    117     24 
 211224   c4d_211224_053205_ori   9706 59572.23061630 z 22.030 0.805   11.880    193     32 
 211224   c4d_211224_053304_ori   9707 59572.23130301 g 23.154 0.984   14.900    452     58 
 211224   c4d_211224_053509_ori   9708 59572.23275106 r 22.968 0.901   11.631    311     59 
 211224   c4d_211224_053628_ori   9709 59572.23366393 i 22.485 0.850   10.384    143     28 
 211224   c4d_211224_053728_ori   9710 59572.23435635 z 22.176 0.779   11.049    228     36 
 211224   c4d_211224_053828_ori   9711 59572.23504920 g 23.215 0.950   14.698    484     52 
 211224   c4d_211224_054032_ori   9712 59572.23648811 r 22.987 0.877   11.680    351     56 
 211224   c4d_211224_054151_ori   9713 59572.23740176 i 22.543 0.819   10.518    230     32 
 211224   c4d_211224_054250_ori   9714 59572.23808782 z 22.052 0.900   11.213    189     34 
 211224   c4d_211224_054356_ori   9715 59572.23884642 g 23.099 0.974   15.542    497     46 
 211224   c4d_211224_054601_ori   9716 59572.24029181 r 22.913 0.868   12.277    370     58 
 211224   c4d_211224_054720_ori   9717 59572.24120807 i 22.422 0.843   10.964    165     28 
 211224   c4d_211224_054819_ori   9718 59572.24189408 z 21.882 0.814   12.388    196     33 
 211224   c4d_211224_054918_ori   9719 59572.24258081 g 23.174 0.943   15.286    518     60 
 211224   c4d_211224_055124_ori   9720 59572.24403776 r 22.933 0.907   11.942    329     53 
 211224   c4d_211224_055244_ori   9721 59572.24495875 i 22.501 0.824   10.564    235     37 
 211224   c4d_211224_055341_ori   9722 59572.24562342 z 21.926 0.837   12.139    207     30 
 211228   c4d_211228_055918_ori   9723 59576.24952143 g 24.040 0.987    7.078    622     58 
 211228   c4d_211228_060125_ori   9724 59576.25098752 r 23.602 0.906    6.652    339     63 
 211228   c4d_211228_060243_ori   9725 59576.25189635 i 22.908 0.819    7.853    340     33 
 211228   c4d_211228_060343_ori   9726 59576.25258973 z 22.303 0.780   10.773    262     32 
 211228   c4d_211228_060443_ori   9727 59576.25327598 g 24.064 0.940    7.183    561     69 
 211228   c4d_211228_060647_ori   9728 59576.25471560 r 23.694 0.826    6.739    326     52 
 211228   c4d_211228_060805_ori   9729 59576.25562135 i 22.953 0.764    8.031    224     33 
 211228   c4d_211228_060903_ori   9730 59576.25629099 z 22.332 0.761   10.916    261     32 
 211228   c4d_211228_061002_ori   9731 59576.25697155 g 24.112 0.891    7.261    755     84 
 211228   c4d_211228_061206_ori   9732 59576.25841080 r 23.641 0.879    6.709    335     64 
 211228   c4d_211228_061324_ori   9733 59576.25931120 i 22.951 0.819    7.620    198     25 
 211228   c4d_211228_061422_ori   9734 59576.25998061 z 22.406 0.757   10.326    213     25 
 211228   c4d_211228_061520_ori   9735 59576.26065789 g 24.059 0.922    7.358    563     72 
 211228   c4d_211228_061725_ori   9736 59576.26210290 r 23.543 0.944    6.721    239     43 
 211228   c4d_211228_061844_ori   9737 59576.26300942 i 22.969 0.804    7.582    459     47 
 211228   c4d_211228_061942_ori   9738 59576.26368369 z 22.334 0.790   10.338    226     32 
 211228   c4d_211228_062040_ori   9739 59576.26435230 g 23.931 1.028    7.436    524     59 
 211228   c4d_211228_062244_ori   9740 59576.26579252 r 23.654 0.850    6.742    365     56 
 211228   c4d_211228_062403_ori   9741 59576.26671008 i 23.004 0.785    7.517    226     29 
 211228   c4d_211228_062501_ori   9742 59576.26737827 z 22.360 0.770   10.295    239     33 
 211228   c4d_211228_062559_ori   9743 59576.26805076 g 24.014 0.936    7.495    609     74 
 211228   c4d_211228_062804_ori   9744 59576.26949159 r 23.554 0.928    6.795    271     45 
 211228   c4d_211228_062922_ori   9745 59576.27040029 i 22.898 0.853    7.628    169     30 
 211228   c4d_211228_063020_ori   9746 59576.27107586 z 22.312 0.808   10.463    267     33 
 211231   c4d_211231_060022_ori   9747 59579.25026211 g 24.300 0.987    5.474    488     70 
 211231   c4d_211231_060228_ori   9748 59579.25172083 r 23.800 0.865    5.631    311     52 
 211231   c4d_211231_060346_ori   9749 59579.25262111 i 23.049 0.797    6.902    260     38 
 211231   c4d_211231_060445_ori   9750 59579.25330997 z 22.446 0.750   10.172    247     42 
 211231   c4d_211231_060546_ori   9751 59579.25401219 g 24.240 0.987    5.464    307     40 
 211231   c4d_211231_060752_ori   9752 59579.25546581 r 23.743 0.883    5.630    294     48 
 211231   c4d_211231_060911_ori   9753 59579.25638286 i 22.951 0.880    6.844     25      6 
 211231   c4d_211231_061011_ori   9754 59579.25707747 z 22.319 0.858   10.001     62     17 
 211231   c4d_211231_061109_ori   9755 59579.25774982 g 24.191 1.048    5.472    299     49 
 211231   c4d_211231_061313_ori   9756 59579.25918973 r 23.721 0.935    5.648     77     17 
 211231   c4d_211231_061432_ori   9757 59579.26010083 i 22.934 0.900    6.879     15      5 
 211231   c4d_211231_061532_ori   9758 59579.26078801 z 22.258 0.894   10.098     52     11 
 211231   c4d_211231_061630_ori   9759 59579.26146859 g 24.229 1.020    5.478    189     35 
 211231   c4d_211231_061836_ori   9760 59579.26291763 r 23.673 0.963    5.666     23      9 
 211231   c4d_211231_061954_ori   9761 59579.26382525 i 22.921 0.903    6.768      8      1 
 211231   c4d_211231_062054_ori   9762 59579.26451631 z 22.310 0.893    9.808     52     11 
 211231   c4d_211231_062153_ori   9763 59579.26520139 g 24.156 1.054    5.475    157     25 
 211231   c4d_211231_062359_ori   9764 59579.26665848 r 23.670 0.920    5.666     80     18 
 211231   c4d_211231_062518_ori   9765 59579.26757040 i 22.935 0.872    6.837     32      6 
 211231   c4d_211231_062617_ori   9766 59579.26825995 z 22.322 0.874    9.949     66     10 
 211231   c4d_211231_062715_ori   9767 59579.26892462 g 24.165 1.045    5.494    149     31 
 211231   c4d_211231_062920_ori   9768 59579.27037649 r 23.643 0.969    5.713     31      7 
 211231   c4d_211231_063040_ori   9769 59579.27130525 i 22.867 0.908    7.008     14      6 
 211231   c4d_211231_063140_ori   9770 59579.27199224 z 22.268 0.853   10.244     40      9 
 220103   c4d_220103_051921_ori   9771 59582.22177988 g 24.248 1.002    5.753    566     78 
 220103   c4d_220103_052125_ori   9772 59582.22321394 r 23.715 0.918    5.983    325     61 
 220103   c4d_220103_052243_ori   9773 59582.22411872 i 22.870 0.896    7.588    262     42 
 220103   c4d_220103_052342_ori   9774 59582.22479616 z 22.196 0.875   11.076    207     30 
 220103   c4d_220103_052441_ori   9775 59582.22548466 g 24.232 1.025    5.742    603     70 
 220103   c4d_220103_052647_ori   9776 59582.22693807 r 23.749 0.886    5.989    415     69 
 220103   c4d_220103_052805_ori   9777 59582.22784544 i 22.942 0.851    7.564    222     39 
 220103   c4d_220103_052904_ori   9778 59582.22852016 z 22.230 0.876   10.942    235     44 
 220103   c4d_220103_053003_ori   9779 59582.22920164 g 24.343 0.930    5.722    605     83 
 220103   c4d_220103_053207_ori   9780 59582.23063881 r 23.799 0.857    5.966    317     43 
 220103   c4d_220103_053325_ori   9781 59582.23155069 i 22.985 0.812    7.496    231     38 
 220103   c4d_220103_053424_ori   9782 59582.23223037 z 22.247 0.870   10.885    269     46 
 220103   c4d_220103_053523_ori   9783 59582.23290633 g 24.326 0.944    5.723    580     70 
 220103   c4d_220103_053728_ori   9784 59582.23435769 r 23.741 0.898    6.009    343     37 
 220103   c4d_220103_053849_ori   9785 59582.23529092 i 22.934 0.842    7.691    220     31 
 220103   c4d_220103_053947_ori   9786 59582.23597013 z 22.316 0.763   11.177    229     27 
 220103   c4d_220103_054045_ori   9787 59582.23664062 g 24.309 0.955    5.692    535     65 
 220103   c4d_220103_054250_ori   9788 59582.23808122 r 23.745 0.909    6.013    414     94 
 220103   c4d_220103_054409_ori   9789 59582.23899546 i 22.963 0.812    7.621    257     38 
 220103   c4d_220103_054507_ori   9790 59582.23967185 z 22.259 0.832   10.959    245     41 
 220103   c4d_220103_054606_ori   9791 59582.24035305 g 24.286 0.986    5.675    588     56 
 220103   c4d_220103_054810_ori   9792 59582.24178528 r 23.724 0.915    6.026    357     75 
 220103   c4d_220103_054928_ori   9793 59582.24269525 i 22.934 0.822    7.655    233     37 
 220103   c4d_220103_055027_ori   9794 59582.24337685 z 22.284 0.804   10.990    258     39 
 220106   c4d_220106_053231_ori   9795 59585.23091437 g 24.236 1.076    5.712    605     94 
 220106   c4d_220106_053435_ori   9796 59585.23235082 r 23.867 0.750    6.089    287     47 
 220106   c4d_220106_053555_ori   9797 59585.23327643 i 23.014 0.691    8.374    229     36 
 220106   c4d_220106_053652_ori   9798 59585.23394264 z 22.347 0.644   12.701    269     26 
 220106   c4d_220106_053757_ori   9799 59585.23469346 g 24.392 0.854    5.731    482     41 
 220106   c4d_220106_054002_ori   9800 59585.23614463 r 23.824 0.806    6.086    329     39 
 220106   c4d_220106_054120_ori   9801 59585.23704674 i 22.962 0.727    8.317    227     26 
 220106   c4d_220106_054220_ori   9802 59585.23773291 z 22.173 0.815   12.536    264     28 
 220106   c4d_220106_054319_ori   9803 59585.23842291 g 24.345 0.879    5.714    463     58 
 220106   c4d_220106_054525_ori   9804 59585.23987659 r 23.783 0.799    6.138    340     66 
 220106   c4d_220106_054644_ori   9805 59585.24078935 i 22.877 0.821    8.302    240     30 
 220106   c4d_220106_054743_ori   9806 59585.24147843 z 22.216 0.804   12.211    310     31 
 220106   c4d_220106_054843_ori   9807 59585.24217392 g 24.351 0.873    5.743    434     60 
 220106   c4d_220106_055048_ori   9808 59585.24361685 r 23.821 0.821    6.030    352     45 
 220106   c4d_220106_055207_ori   9809 59585.24452556 i 23.019 0.730    7.771    214     30 
 220106   c4d_220106_055307_ori   9810 59585.24522118 z 22.350 0.714   11.312    237     33 
 220106   c4d_220106_055405_ori   9811 59585.24590017 g 24.219 0.991    5.754    504     69 
 220106   c4d_220106_055609_ori   9812 59585.24733707 r 23.760 0.850    5.999    338     57 
 220106   c4d_220106_055728_ori   9813 59585.24824220 i 22.902 0.827    7.673    197     29 
 220106   c4d_220106_055826_ori   9814 59585.24892211 z 22.260 0.783   11.378    219     24 
 220106   c4d_220106_055926_ori   9815 59585.24960891 g 24.269 0.944    5.742    548     72 
 220106   c4d_220106_060131_ori   9816 59585.25105408 r 23.780 0.832    5.970    368     53 
 220106   c4d_220106_060250_ori   9817 59585.25196767 i 23.004 0.751    7.622    176     23 
 220106   c4d_220106_060348_ori   9818 59585.25264565 z 22.315 0.774   11.342    259     35 
 220109   c4d_220109_053230_ori   9819 59588.23090723 g 24.345 0.940    5.759    555     83 
 220109   c4d_220109_053437_ori   9820 59588.23237603 r 23.900 0.808    5.657    322     48 
 220109   c4d_220109_053555_ori   9821 59588.23328604 i 22.982 0.778    6.508    188     23 
 220109   c4d_220109_053653_ori   9822 59588.23395785 z 22.432 0.738    8.528    210     30 
 220109   c4d_220109_053752_ori   9823 59588.23463323 g 24.123 0.911    6.040    540     66 
 220109   c4d_220109_053957_ori   9824 59588.23607943 r 23.735 0.781    5.912    298     52 
 220109   c4d_220109_054116_ori   9825 59588.23699136 i 23.113 0.723    6.588    207     22 
 220109   c4d_220109_054215_ori   9826 59588.23767490 z 22.456 0.684    9.185    194     26 
 220109   c4d_220109_054313_ori   9827 59588.23835325 g 23.898 0.849    6.335    484     47 
 220109   c4d_220109_054517_ori   9828 59588.23978592 r 23.611 0.797    6.107    323     37 
 220109   c4d_220109_054636_ori   9829 59588.24069492 i 23.046 0.732    6.942    205     27 
 220109   c4d_220109_054735_ori   9830 59588.24137795 z 22.377 0.693    9.467    190     26 
 220109   c4d_220109_054834_ori   9831 59588.24206659 g 24.302 0.844    5.929    475     53 
 220109   c4d_220109_055038_ori   9832 59588.24350390 r 23.799 0.806    5.889    339     50 
 220109   c4d_220109_055156_ori   9833 59588.24440866 i 23.027 0.772    7.017    209     33 
 220109   c4d_220109_055256_ori   9834 59588.24509482 z 22.369 0.743    9.699    202     26 
 220109   c4d_220109_055355_ori   9835 59588.24577754 g 23.664 0.937    6.496    563     47 
 220109   c4d_220109_055559_ori   9836 59588.24721755 r 22.951 0.859    6.654    285     30 
 220109   c4d_220109_055717_ori   9837 59588.24811869 i 22.467 0.799    7.261    208     17 
 220109   c4d_220109_055816_ori   9838 59588.24880724 z 21.777 0.727    9.750    182     25 
 220109   c4d_220109_055915_ori   9839 59588.24948549 g 24.080 0.913    6.078    519     48 
 220109   c4d_220109_060119_ori   9840 59588.25091895 r 23.706 0.864    5.863    380     60 
 220109   c4d_220109_060238_ori   9841 59588.25183196 i 23.084 0.780    6.714    236     43 
 220109   c4d_220109_060336_ori   9842 59588.25250946 z 22.374 0.828    9.150    398     38 
 220113   c4d_220113_050134_ori   9843 59592.20942265 g 23.371 0.952   13.270    548     47 
 220113   c4d_220113_050339_ori   9844 59592.21086932 r 23.236 0.789   10.361    293     16 
 220113   c4d_220113_050456_ori   9845 59592.21177037 i 22.857 0.724    8.808    178     19 
 220113   c4d_220113_050555_ori   9846 59592.21244265 z 22.475 0.671    9.115    165      9 
 220113   c4d_220113_050653_ori   9847 59592.21311590 g 23.304 0.966   13.068    416     23 
 220113   c4d_220113_050858_ori   9848 59592.21456103 r 23.054 0.930   10.277    233     22 
 220113   c4d_220113_051016_ori   9849 59592.21547406 i 22.698 0.833    8.779    188     11 
 220113   c4d_220113_051116_ori   9850 59592.21616423 z 22.328 0.808    9.175    168     11 
 220113   c4d_220113_051216_ori   9851 59592.21685296 g 23.420 0.884   12.968    466     37 
 220113   c4d_220113_051421_ori   9852 59592.21830538 r 23.201 0.820   10.389    283     32 
 220113   c4d_220113_051540_ori   9853 59592.21922420 i 22.828 0.677    9.314    153     12 
 220113   c4d_220113_051639_ori   9854 59592.21990197 z 22.444 0.665    9.593    143     17 
 220113   c4d_220113_051738_ori   9855 59592.22058614 g 23.419 0.915   12.736    441     27 
 220113   c4d_220113_051943_ori   9856 59592.22203070 r 23.178 0.823   10.276    253     17 
 220113   c4d_220113_052102_ori   9857 59592.22294062 i 22.754 0.757    9.186    165     16 
 220113   c4d_220113_052201_ori   9858 59592.22362477 z 22.391 0.691    9.377    174     12 
 220113   c4d_220113_052259_ori   9859 59592.22430237 g 23.436 0.889   12.549    422     32 
 220113   c4d_220113_052504_ori   9860 59592.22574436 r 23.184 0.776   10.594    272     20 
 220113   c4d_220113_052623_ori   9861 59592.22665953 i 22.649 0.785    9.656    164      8 
 220113   c4d_220113_052723_ori   9862 59592.22734981 z 22.294 0.762    9.652    144     10 
 220113   c4d_220113_052821_ori   9863 59592.22802360 g 23.371 0.958   12.367    442     24 
 220113   c4d_220113_053025_ori   9864 59592.22946256 r 23.068 0.908   10.454    302     31 
 220113   c4d_220113_053144_ori   9865 59592.23038163 i 22.690 0.768    9.542    199     12 
 220113   c4d_220113_053243_ori   9866 59592.23105884 z 22.373 0.719    9.537    176      9 
 220116   c4d_220116_055534_ori   9867 59595.24692616 g 22.836 1.003   22.022    755     64 
 220116   c4d_220116_055738_ori   9868 59595.24836100 r 22.773 0.807   15.978    465     48 
 220116   c4d_220116_055856_ori   9869 59595.24926896 i 22.414 0.762   13.178    245     35 
 220116   c4d_220116_055955_ori   9870 59595.24994618 z 22.018 0.734   14.056    237     40 
 220116   c4d_220116_060054_ori   9871 59595.25062627 g 22.888 0.888   22.106    637     63 
 220116   c4d_220116_060258_ori   9872 59595.25206522 r 22.730 0.826   16.076    405     52 
 220116   c4d_220116_060416_ori   9873 59595.25297110 i 22.343 0.801   13.164    248     26 
 220116   c4d_220116_060515_ori   9874 59595.25364647 z 22.085 0.690   13.821    219     32 
 220116   c4d_220116_060614_ori   9875 59595.25433790 g 22.887 0.894   22.211    723     72 
 220116   c4d_220116_060820_ori   9876 59595.25579180 r 22.822 0.765   16.074    382     43 
 220116   c4d_220116_060939_ori   9877 59595.25670227 i 22.436 0.776   13.132    267     23 
 220116   c4d_220116_061037_ori   9878 59595.25737353 z 22.149 0.667   13.692    208     24 
 220116   c4d_220116_061135_ori   9879 59595.25804887 g 22.957 0.833   22.179    745     77 
 220116   c4d_220116_061340_ori   9880 59595.25949465 r 22.797 0.798   16.158    443     40 
 220116   c4d_220116_061500_ori   9881 59595.26041995 i 22.499 0.690   13.138    229     27 
 220116   c4d_220116_061559_ori   9882 59595.26110540 z 22.098 0.707   13.651    241     25 
 220116   c4d_220116_061657_ori   9883 59595.26177561 g 22.927 0.857   22.210    699     74 
 220116   c4d_220116_061902_ori   9884 59595.26322736 r 22.788 0.787   16.139    374     39 
 220116   c4d_220116_062022_ori   9885 59595.26414922 i 22.475 0.707   13.202    245     28 
 220116   c4d_220116_062121_ori   9886 59595.26482772 z 22.072 0.725   13.751    232     28 
 220116   c4d_220116_062221_ori   9887 59595.26552111 g 22.943 0.840   22.234    659     64 
 220116   c4d_220116_062427_ori   9888 59595.26698063 r 22.776 0.788   16.341    391     45 
 220116   c4d_220116_062545_ori   9889 59595.26788248 i 22.449 0.714   13.317    274     31 
 220116   c4d_220116_062644_ori   9890 59595.26856938 z 22.087 0.691   13.862    229     30 
 220118   c4d_220118_054753_ori   9891 59597.24158650 g 22.211 1.235   29.659    497     82 
 220118   c4d_220118_054958_ori   9892 59597.24303244 r 22.086 1.175   20.776    272     40 
 220118   c4d_220118_055117_ori   9893 59597.24394968 i 21.941 0.992   15.939    260     27 
 220118   c4d_220118_055217_ori   9894 59597.24464378 z 21.747 0.857   16.036    263     34 
 220118   c4d_220118_055316_ori   9895 59597.24532639 g 22.378 1.076   29.664    750     92 
 220118   c4d_220118_055523_ori   9896 59597.24680217 r 22.343 0.931   20.693    469     57 
 220118   c4d_220118_055642_ori   9897 59597.24771350 i 22.038 0.921   15.772    405     44 
 220118   c4d_220118_055740_ori   9898 59597.24838494 z 21.831 0.808   15.768    300     35 
 220118   c4d_220118_055838_ori   9899 59597.24905405 g 22.428 1.014   29.781    943     94 
 220118   c4d_220118_060042_ori   9900 59597.25048844 r 22.209 1.058   20.637    336     37 
 220118   c4d_220118_060200_ori   9901 59597.25139630 i 22.012 0.932   15.812    239     30 
 220118   c4d_220118_060258_ori   9902 59597.25206601 z 21.717 0.887   15.826    211     31 
 220118   c4d_220118_060357_ori   9903 59597.25274440 g 22.246 1.183   29.849    555     67 
 220121   c4d_220121_040618_ori   9904 59600.17104967 g 22.917 1.118   18.349    571     64 
 220121   c4d_220121_040823_ori   9905 59600.17249529 r 22.754 0.902   14.865    381     51 
 220121   c4d_220121_040941_ori   9906 59600.17340207 i 22.049 0.815   17.557    304     43 
 220121   c4d_220121_041040_ori   9907 59600.17408061 z 21.737 0.789   18.230    290     38 
 220121   c4d_220121_041139_ori   9908 59600.17475730 g 22.878 1.121   18.324    561     53 
 220121   c4d_220121_041343_ori   9909 59600.17619366 r 22.644 1.011   14.876    334     40 
 220121   c4d_220121_041501_ori   9910 59600.17709720 i 21.930 0.928   17.599    280     30 
 220121   c4d_220121_041558_ori   9911 59600.17776367 z 21.671 0.833   18.426    384     41 
 220121   c4d_220121_041657_ori   9912 59600.17844690 g 23.079 0.915   18.479    613     59 
 220121   c4d_220121_041902_ori   9913 59600.17988491 r 22.779 0.881   14.975    468     46 
 220121   c4d_220121_042021_ori   9914 59600.18080298 i 21.997 0.868   17.610    340     32 
 220121   c4d_220121_042119_ori   9915 59600.18147802 z 21.727 0.776   18.408    269     34 
 220121   c4d_220121_042248_ori   9916 59600.18250703 g 23.007 1.036   17.685    635     55 
 220121   c4d_220121_042453_ori   9917 59600.18395256 r 22.911 0.919   12.761    469     63 
 220121   c4d_220121_042611_ori   9918 59600.18486015 i 22.473 0.862   11.310    254     37 
 220121   c4d_220121_042709_ori   9919 59600.18552791 z 22.175 0.749   12.663    267     34 
 220121   c4d_220121_042808_ori   9920 59600.18620410 g 23.048 0.978   17.722    591     61 
 220121   c4d_220121_043012_ori   9921 59600.18764036 r 22.758 1.050   12.816    360     42 
 220121   c4d_220121_043130_ori   9922 59600.18855235 i 22.452 0.869   11.324    239     29 
 220121   c4d_220121_043229_ori   9923 59600.18922551 z 22.101 0.805   12.624    261     41 
 220121   c4d_220121_043327_ori   9924 59600.18989608 g 22.960 1.047   17.649    477     49 
 220121   c4d_220121_043532_ori   9925 59600.19134595 r 22.962 0.861   12.612    389     49 
 220121   c4d_220121_043651_ori   9926 59600.19226092 i 22.601 0.784   10.730    271     34 
 220121   c4d_220121_043749_ori   9927 59600.19293860 z 22.222 0.743   11.989    244     30 
 220122   c4d_220122_055847_ori   9928 59601.24916450 g 22.862 1.367   15.362    395     45 
 220122   c4d_220122_060052_ori   9929 59601.25060647 r 22.807 1.158   11.059    184     30 
 220122   c4d_220122_060210_ori   9930 59601.25151236 i 22.399 1.026   10.311    168     25 
 220122   c4d_220122_060308_ori   9931 59601.25218253 z 21.915 0.951   13.173    196     33 
 220122   c4d_220122_060406_ori   9932 59601.25285388 g 22.858 1.373   15.348    364     36 
 220122   c4d_220122_060610_ori   9933 59601.25428356 r 22.796 1.177   11.052    210     38 
 220122   c4d_220122_060728_ori   9934 59601.25519390 i 22.280 1.162   10.239    129     16 
 220122   c4d_220122_060827_ori   9935 59601.25587441 z 21.764 1.140   13.072    154     18 
 220122   c4d_220122_060927_ori   9936 59601.25656535 g 22.878 1.332   15.480    317     36 
 220122   c4d_220122_061132_ori   9937 59601.25801313 r 22.854 1.114   11.119    246     49 
 220122   c4d_220122_061251_ori   9938 59601.25893033 i 22.491 0.940   10.319    184     25 
 220122   c4d_220122_061350_ori   9939 59601.25961479 z 21.888 0.994   13.107    164     31 
 220122   c4d_220122_061448_ori   9940 59601.26028269 g 23.002 1.180   15.581    463     50 
 220122   c4d_220122_061652_ori   9941 59601.26172063 r 22.852 1.102   11.161    213     34 
 220122   c4d_220122_061811_ori   9942 59601.26263626 i 22.400 1.047   10.264    202     29 
 220122   c4d_220122_061910_ori   9943 59601.26331467 z 21.887 1.017   12.825    163     26 
 220122   c4d_220122_062009_ori   9944 59601.26400323 g 22.946 1.217   15.671    399     51 
 220122   c4d_220122_062215_ori   9945 59601.26545330 r 22.725 1.262   11.220    186     34 
 220122   c4d_220122_062334_ori   9946 59601.26636645 i 22.402 1.049   10.108    151     20 
 220122   c4d_220122_062433_ori   9947 59601.26705068 z 21.938 0.968   12.523    143     23 
 220122   c4d_220122_062531_ori   9948 59601.26772614 g 23.026 1.124   15.716    458     56 
 220122   c4d_220122_062735_ori   9949 59601.26916331 r 22.850 1.088   11.302    246     35 
 220122   c4d_220122_062855_ori   9950 59601.27008153 i 22.363 1.069   10.222    146     28 
 220122   c4d_220122_062953_ori   9951 59601.27075668 z 21.779 1.148   12.585    185     36 
 220123   c4d_220123_053640_ori   9952 59602.23380749 g 23.401 1.015   12.473    563     46 
 220123   c4d_220123_053845_ori   9953 59602.23525441 r 23.263 0.903    9.167    343     59 
 220123   c4d_220123_054003_ori   9954 59602.23615210 i 22.792 0.861    8.512    214     29 
 220123   c4d_220123_054102_ori   9955 59602.23682955 z 22.330 0.786   10.802    250     44 
 220123   c4d_220123_054226_ori   9956 59602.23780349 g 23.345 1.054   12.561    473     44 
 220123   c4d_220123_054430_ori   9957 59602.23924500 r 23.240 0.908    9.241    635     72 
 220123   c4d_220123_054549_ori   9958 59602.24015406 i 22.731 0.896    8.587    168     29 
 220123   c4d_220123_054648_ori   9959 59602.24083916 z 22.257 0.820   10.825    216     39 
 220123   c4d_220123_054746_ori   9960 59602.24150791 g 23.305 1.061   12.612    400     55 
 220123   c4d_220123_054950_ori   9961 59602.24294217 r 23.135 0.980    9.263    198     33 
 220123   c4d_220123_055108_ori   9962 59602.24384757 i 22.655 0.943    8.555    103     26 
 220123   c4d_220123_055207_ori   9963 59602.24452583 z 22.122 0.978   10.750    136     35 
 220123   c4d_220123_055306_ori   9964 59602.24521785 g 23.214 1.188   12.680    386     46 
 220123   c4d_220123_055510_ori   9965 59602.24665260 r 23.231 0.894    9.282    356     51 
 220123   c4d_220123_055629_ori   9966 59602.24755864 i 22.668 0.968    8.551    141     26 
 220123   c4d_220123_055728_ori   9967 59602.24825021 z 22.229 0.836   10.793    113     27 
 220123   c4d_220123_055827_ori   9968 59602.24893469 g 23.287 1.065   12.768    382     42 
 220123   c4d_220123_060033_ori   9969 59602.25038982 r 23.147 0.960    9.323    123     28 
 220123   c4d_220123_060153_ori   9970 59602.25131493 i 22.711 0.879    8.548     55     18 
 220123   c4d_220123_060252_ori   9971 59602.25199676 z 22.269 0.807   10.767    137     29 
 220123   c4d_220123_060350_ori   9972 59602.25266607 g 23.310 0.990   12.835    401     53 
 220123   c4d_220123_060556_ori   9973 59602.25412495 r 23.195 0.892    9.373    363     69 
 220123   c4d_220123_060714_ori   9974 59602.25503118 i 22.741 0.848    8.644    150     21 
 220123   c4d_220123_060813_ori   9975 59602.25571336 z 22.251 0.844   10.763    101     20 
