# Name,    RA,              Dec,              z,                 z_err,                 Type
DC21baet, 149.094259217575, 2.78345499157596, 2.632691325341588, 0.00012017834859672683, QSO: 2
DC21bcdmd, 150.644339815613, 2.84331729515011, 0.0006188993175861679, 8.29210137908245e-06, STAR: 2
DC21bcdqp, 149.967502736229, 3.85635594667013, 1.2983483988492508, 0.00017253344931859353, QSO: 2
DC21bcefe, 150.659636869261, 3.1460604793805, 1.6981948632746144, 0.000246859238360811, QSO: 2
DC21bci, 150.527285609704, 1.37571214628976, 0.0006143562462862225, 1.2408569351831444e-06, STAR: 3
DC21bciai, 149.810443264776, 3.35822780700354, 2.780014245426609, 3.8090331918965636e-05, QSO: 5
DC21bcjux, 150.025839207785, 3.67221164178587, 0.669398262815248, 4.260985116285089e-05, GALAXY: 1
DC21bckq, 149.761502887475, 2.31843899850549, 0.3454198973667932, 1.2994101893550781e-05, QSO: 2
DC21bcmhv, 150.258984727825, 1.33015309733835, 2.1535802351062667, 8.86334289007435e-05, QSO: 4
DC21bcrs, 150.720290930814, 2.90746403014669, 0.7956997944308224, 1.316675159482905e-05, QSO: 1
DC21bdkw, 149.602049410723, 2.39268365978621, 1.851663053492553, 8.485778407995381e-05, QSO: 2
DC21bdxz, 150.657956891264, 2.78354193401442, 0.21225962037062368, 7.838019678709847e-06, QSO: 3
DC21bekk, 148.761601304729, 1.66768522251324, 1.68114364609322, 0.000270341317512183, QSO: 1
DC21ber, 150.286191832256, 0.958540566239019, 2.0407916345498465, 4.2243940221479275e-05, QSO: 5
DC21bezt, 150.944904423512, 2.64578500391993, 1.6377770513152372, 5.9322177751569186e-05, QSO: 4
DC21bgjz, 149.69950857851, 2.39654597599951, 0.354945922220734, 7.66382688947705e-05, GALAXY: 1
DC21bhq, 150.762184791578, 1.86904066229835, 1.802411604062265, 4.349876114208722e-05, QSO: 4
DC21bicz, 149.216427694018, 1.64463369951687, 0.0007898499223488028, 2.3894430426334442e-05, STAR: 2
DC21bisrl, 148.970017917359, 1.28442070570308, 0.616863194414068, 8.09043024275065e-05, QSO: 1
DC21biupl, 151.369262945697, 1.95534558491091, 0.770779823706477, 1.3577478730803501e-05, GALAXY: 1
DC21bjlc, 150.832948868519, 2.16428994036399, 1.169714493986214, 8.775269399948456e-05, QSO: 2
DC21bjvj, 151.543690520195, 1.77819854239105, 2.501672093039314, 9.545437683870631e-05, QSO: 4
DC21bkbx, 151.46864749612, 1.47942863116497, 3.5336357983850983, 5.485755433090971e-05, QSO: 5
DC21bkrj, 150.04338738725, 3.47677619684669, 0.21756148354465135, 1.068772814304538e-05, GALAXY: 2
DC21bkup, 149.092651137234, 2.84114947915019, 0.4256658467877161, 2.119883206245768e-05, QSO: 2
DC21bkzg, 150.371872120485, 1.44310234055021, 4.119435165017535, 5.322957848380311e-05, QSO: 4
DC21blkp, 149.564591478031, 1.82306027338255, 1.5065951129851318, 3.2277498483689306e-05, QSO: 1
DC21bln, 149.142307142378, 1.27275759917078, 2.2238814766544857, 0.00012125660696844421, QSO: 2
DC21blqd, 151.283740717803, 1.63847247085572, 0.47068930495378497, 5.6212959084836e-06, GALAXY: 1
DC21blre, 150.246344739555, 3.73064286450384, 1.6487578188774075, 0.00011268900619287329, QSO: 1
DC21blyw, 150.942477922061, 1.31933933736121, 1.48691209949476, 6.99462591417505e-05, GALAXY: 1
DC21bmob, 150.139114024101, 1.87696683177626, 0.832137706725102, 6.43807860845543e-05, GALAXY: 1
DC21bmzw, 151.493057974243, 2.30681426199557, 2.0338492064160687, 9.950805790735149e-05, QSO: 2
DC21bogp, 149.345531062369, 2.52972878157995, 1.4008537929236202, 0.000144450354183169, GALAXY: 1
DC21bohl, 150.120959008241, 2.86676787621931, 0.3055506052598024, 1.3183811201541277e-05, GALAXY: 3
DC21bpaa, 150.094728025143, 3.62365869858258, 0.9057849604683658, 7.13238885160704e-06, GALAXY: 2
DC21bpls, 149.300796613349, 2.09439780926892, 0.9301971446060292, 1.7804718219039442e-05, GALAXY: 1
DC21bpx, 149.136933242155, 1.28498608304536, 0.001142601904598482, 5.821665002063733e-07, STAR: 3
DC21bqmr, 149.087151663996, 2.89695580633839, 0.345066968453376, 0.00012717640605399, GALAXY: 1
DC21bqua, 149.79616981939, 2.5641131983074, 0.70301955061394, 4.52885405754871e-05, QSO: 1
DC21brjo, 150.530490431865, 2.84399675535274, 1.4591338841677501, 0.00017069669647814203, QSO: 1
DC21bsih, 149.702794397944, 2.87869670391639, 0.078947751195155, 1.56289034429765e-05, GALAXY: 1
DC21bsqz, 150.375464855196, 2.28529214928517, 0.0751578318176846, 8.326613307280985e-07, GALAXY: 1
DC21bval, 149.268375316805, 1.49126592967727, 0.26301121536736893, 8.14375289451292e-05, GALAXY: 1
DC21bvzdy, 148.59282132211, 1.78859031022199, 0.0002875305869277497, 1.8938949873311839e-06, STAR: 1
DC21bvzkt, 149.614644467711, 1.14120527564939, 0.551394973877228, 2.29567493467016e-05, GALAXY: 1
DC21bvzre, 150.621459285255, 2.15884074290279, 1.52433118644115, 0.00020372774302873797, QSO: 1
DC21bvzyo, 150.732888455721, 1.6251232375301, 2.37901178439019, 7.668020710162024e-05, QSO: 4
DC21bwahq, 149.821920514559, 1.8386281680928, 1.35302410235996, 0.000257990589000341, QSO: 1
DC21bwajh, 150.643048078393, 1.83644086580739, 1.5064814764277321, 5.997419629730785e-05, QSO: 1
DC21bwaqf, 150.346344837503, 1.37452621237928, 0.31607339767378895, 5.9294531104750394e-05, QSO: 1
DC21bwatj, 149.81710005503, 3.96325387516845, 0.97172607059027, 0.000100296190413256, QSO: 1
DC21bwaxf, 149.1361594261, 3.36467198415659, 0.9858697170801759, 8.95700235539498e-05, QSO: 1
DC21bwbez, 150.158959355781, 2.82510259121647, 1.8563446546009612, 7.014701792892354e-05, QSO: 3
DC21bwcel, 148.960730800739, 3.0288598062441, 0.000476021072090914, 5.898625524644737e-06, STAR: 2
DC21bwcke, 149.978246286536, 1.53513673409791, 0.481106063188871, 2.41209518204436e-05, QSO: 1
DC21bwcoq, 151.376601984261, 2.43267774342488, 1.514744686138324, 8.175124143856556e-05, QSO: 1
DC21bwcqt, 151.318209726492, 2.16195432011445, 1.37408724878391, 0.000123699541281004, QSO: 1
DC21bwcrp, 150.546480210235, 1.37454654746198, 1.8138198930647673, 0.00010044062492844942, QSO: 2
DC21bwcsm, 149.84814098367, 2.37424452411043, 2.7231340550842313, 0.0002062023197119742, QSO: 3
DC21bwdrv, 150.829639501685, 2.42820045347892, 0.9644290018080988, 8.510541863911039e-05, QSO: 2
DC21bwdsv, 149.619602698867, 3.615283180569, 2.7635553633929795, 0.00022212656217012404, QSO: 4
DC21bwdwk, 150.117179909465, 1.22893003955683, 0.24662514664466922, 1.7414548623886114e-05, GALAXY: 2
DC21bwdwt, 151.448765827024, 2.20605857598832, 0.9065011495052325, 2.0872303912637524e-05, QSO: 3
DC21bwdzy, 149.700744800237, 1.35070097938343, 3.136259550851879, 9.983361641391036e-05, QSO: 2
DC21bwebg, 149.55399077349, 0.858473654751126, 1.4909225759499056, 0.00016936043411116197, QSO: 1
DC21bwebw, 150.451370003962, 1.49888633881564, 1.4878897703161442, 0.000194896630286581, QSO: 1
DC21bwegs, 149.79297198304, 2.12562301081276, 0.3533206341777628, 7.74708983811418e-06, QSO: 2
DC21bwekf, 151.078667708925, 0.886527120664457, 1.6624273790901614, 7.75174192445489e-05, QSO: 4
DC21bwhls, 149.940033151601, 1.50894621478153, 1.10468995292949, 0.000132582307067836, QSO: 1
DC21bwimv, 151.581056669748, 2.11492157406245, 0.22784663042840797, 8.44690320346679e-05, GALAXY: 1
DC21bwirx, 150.520977951563, 1.29937966745946, 0.733190532843925, 9.73835724605981e-05, QSO: 1
DC21bwjiw, 150.996676853834, 2.3697351032652, 3.0202013247034465, 0.00020308296492786604, QSO: 4
DC21bwlwb, 149.721321611184, 2.5400044456529, 1.7398467851049852, 0.00015197321090258385, QSO: 2
DC21bwrxc, 150.605468556559, 3.41457116033447, 1.9422190710307885, 0.00010993046539819104, QSO: 4
DC21bwytd, 150.48168807099, 2.27317205883219, 2.449445237101219, 0.00014747064020877388, QSO: 2
DC21bxioj, 151.194539515287, 1.37750498975812, 2.1014299507253984, 0.00013255488464383993, QSO: 4
DC21bxsyu, 151.383820015893, 1.72793685684346, 0.810767909116027, 1.43632242646723e-05, GALAXY: 1
DC21bxv, 148.874569135344, 2.52081226503263, 0.963542372516534, 5.080249423837331e-05, QSO: 1
DC21bxvcb, 149.750629630884, 1.78567934034406, 0.338720803245395, 2.59674266256737e-05, GALAXY: 1
DC21bxwai, 151.056002204128, 1.89460960396199, 1.16546312576123, 9.300150271256359e-05, QSO: 1
DC21bxxwh, 149.095500920014, 3.14950659334565, 1.4438165021127851, 0.0001379475500369305, QSO: 1
DC21byete, 150.036342993261, 3.36312848480732, 0.791503869684562, 2.8220262308989004e-05, GALAXY: 1
DC21byfsv, 148.91459927388, 1.22118324678001, 2.1469346685232438, 0.00012581392486631386, QSO: 2
DC21byhfk, 150.83073508355, 3.35782603154943, 0.226125890510365, 5.55886151427681e-05, GALAXY: 1
DC21byjji, 149.373391219778, 1.57040492880746, 2.674924965606684, 7.926931872096633e-05, QSO: 4
DC21bykxy, 150.203586927848, 3.51091970951222, 3.3652323930649155, 2.2625253979401418e-05, QSO: 3
DC21bzmqd, 148.537655103697, 1.72658431849577, 1.6607534151382675, 0.00012555729397587502, QSO: 2
DC21bznyq, 149.234152057353, 2.2208604231048, 1.1216373965329167, 2.3115819326440764e-05, QSO: 3
DC21bzqk, 149.152925302939, 3.13352232968832, 1.20201661650036, 0.00018019855380198903, QSO: 1
DC21caggg, 149.716043806932, 2.96119690506269, 2.1427769691851823, 9.308152537975115e-05, QSO: 3
DC21cagqk, 151.161759686386, 2.20931813344442, 5.027248005838266, 7.994720542753783e-05, QSO: 2
DC21caozn, 149.138182060819, 2.2081483031733, 1.43307032152145, 0.000304837637930592, QSO: 1
DC21cavws, 151.030078383504, 1.34415406254663, 1.8517092398165058, 6.612261273712731e-05, QSO: 3
DC21cbgoi, 148.868222635137, 2.41841223449937, 0.31256846221402906, 2.4454162707581905e-05, QSO: 1
DC21cch, 149.016184350311, 1.4291161767841, 1.47192246457046, 0.000214837943295052, QSO: 1
DC21cgk, 150.659390027985, 1.62960187756356, 2.498627162838746, 2.8104508992037107e-05, QSO: 4
DC21chy, 150.730455392802, 1.89798451007579, 1.2582440815968, 0.000141931980131557, QSO: 1
DC21clj, 149.6691944316, 2.9071052754599, -9.79558102417218e-07, 1.0615054861463434e-05, STAR: 4
DC21cpt, 150.63386491313, 2.59371208570653, 0.6566497074806015, 2.2665059791164208e-05, QSO: 2
DC21csoi, 150.007596347973, 3.90057835099594, 0.214994971434949, 3.3057595940978394e-05, QSO: 1
DC21ctfe, 150.170669099125, 1.36824052250839, 0.0003502281199435626, 1.0389183310478125e-05, STAR: 1
DC21cveh, 149.051484965851, 1.22571554901773, 2.127509129715193, 0.00018133511519070517, QSO: 2
DC21cwx, 149.825096792957, 3.29686217114004, 2.458968764397953, 8.289869800171286e-05, QSO: 2
DC21cxqp, 149.312931155559, 3.28956411296287, 2.746788154736028, 0.00019903383762659817, QSO: 2
DC21czz, 148.846763313222, 2.22096111236699, 1.54496993397064, 0.000204883881054326, QSO: 1
DC21daju, 151.263232407255, 2.29384130935936, 0.94501178105604, 0.000160702976009114, QSO: 1
DC21dfa, 149.93089059421, 2.11871105834924, 2.2230150192904716, 4.544800975307803e-05, QSO: 2
DC21dhmn, 150.550450573969, 1.70894577464929, 0.3693701447703258, 9.847288144107747e-06, QSO: 2
DC21dna, 149.910034006954, 2.01187707453293, 0.16520984916148726, 5.364254359411897e-06, GALAXY: 3
DC21doyv, 150.899132450277, 1.72468192762886, 2.0684045612600817, 0.00010759790884056602, QSO: 4
DC21dplwg, 149.553844609809, 1.13041890686731, 0.18382553165382998, 5.26845336545544e-06, GALAXY: 1
DC21dprk, 148.530160838279, 1.9651283973492, 3.1566411763460254, 0.0001368034280495936, QSO: 3
DC21dqik, 151.68947278473, 2.00512986790448, 0.179366203133818, 1.13064750825282e-05, GALAXY: 1
DC21dqqr, 151.446629673474, 1.54952318927956, 2.035070081906482, 0.00011907975039792014, QSO: 2
DC21dqxs, 149.058899, 2.020456, 1.3939549045921602, 0.00011695074875661, GALAXY: 1
DC21dryc, 149.085399174772, 2.27101402757114, 1.7233830559688763, 9.181829438284675e-05, QSO: 1
DC21dsij, 150.101630439578, 1.84832289503372, 1.665098960404001, 8.141383530121321e-05, QSO: 5
DC21dswo, 150.17655671954, 1.37901227643739, 1.6563327664467735, 0.0001298997842836889, QSO: 2
DC21dtwb, 149.302882, 1.779528, 0.3049265730713394, 2.8101231804199304e-05, GALAXY: 2
DC21duah, 148.785223062374, 1.20158124900234, 2.1699402381116606, 0.00011576686227708956, QSO: 2
DC21dudu, 151.425082618582, 1.10826663404839, 1.7414313541833644, 9.661518179142541e-05, QSO: 1
DC21dukb, 148.980202646093, 2.46477008313866, 0.7938914922520078, 0.000122794210924674, QSO: 1
DC21duts, 149.995263013194, 2.00664037646538, 1.03466906201677, 0.000256061686632024, QSO: 1
DC21duzd, 149.773501795352, 1.54070418432099, 0.265770470004134, 2.98057680395965e-05, GALAXY: 1
DC21dvyx, 150.194725888029, 2.06790637545615, 0.5531862971891482, 3.516174409973752e-05, QSO: 2
DC21dwcc, 150.580914952221, 2.84709391733976, 1.4574944699809949, 7.133895791501985e-05, QSO: 2
DC21dxm, 149.479539953278, 2.80180510710166, 1.11191497088894, 0.000131326777904802, QSO: 1
DC21dxrs, 150.028539253263, 2.20990609316619, 1.25727149439112, 0.000253475361485005, QSO: 1
DC21dzvl, 149.822702598831, 2.08963663241543, 2.0372355582575445, 0.00025092197984417333, QSO: 3
DC21eams, 149.377096139269, 3.11599069695047, 1.1291486924701197, 9.97501908082544e-05, QSO: 1
DC21ebdd, 151.360143019414, 2.56188299514506, 1.1918436626802642, 0.0001334655117058836, QSO: 2
DC21ebgr, 149.493370537, 3.55409488356055, 1.46812961740451, 0.000177233137780274, QSO: 1
DC21ebrc, 149.400667616729, 3.08722340868069, 0.3278032533790218, 8.663044521461428e-06, QSO: 2
DC21eclm, 149.362547349423, 2.33280888645795, 1.0039644092192128, 0.0001684204511210928, QSO: 1
DC21edaf, 150.401501692946, 2.79082136905782, 0.9170758685019909, 0.000174479602535707, QSO: 1
DC21edbu, 149.795641277259, 1.16309765928859, 2.695654227559739, 0.00019653381820237248, QSO: 2
DC21edlx, 149.582808742384, 2.48431928847728, 0.3453201996509605, 1.9771502594503543e-05, QSO: 3
DC21edp, 149.615342884255, 3.72028909000605, 2.7228428899478945, 8.284287601756897e-05, QSO: 4
DC21edww, 149.82793685694, 2.16430285670787, 1.1550300198368604, 2.0608097153784427e-05, QSO: 3
DC21eegz, 149.315371706388, 0.999244811759854, 2.185076920999828, 0.00013763619674156093, QSO: 2
DC21eere, 150.492471173748, 1.45989862184491, 0.538666399935664, 1.8478388622734394e-05, QSO: 3
DC21ehxz, 151.448205337057, 2.00875739027048, 1.18109730226709, 0.00014942092913021, QSO: 1
DC21eje, 149.197891166306, 3.45087090276214, 1.240515467831261, 0.00026563174882204263, QSO: 1
DC21ejlj, 149.888649026161, 3.19371149595278, 2.402021092996397, 0.0002456635686940914, QSO: 3
DC21ejsr, 150.366685357449, 2.30533883629731, 1.18971802864466, 0.000196791111770289, QSO: 1
DC21ektd, 150.056443304846, 1.62747887230404, 1.6193316655285612, 0.00010412714749338204, QSO: 4
DC21ekzo, 149.862024927357, 1.89482136753125, 0.44374629119440795, 1.4130720506084706e-05, QSO: 4
DC21emr, 150.871455690028, 2.90756628333195, 1.5166113411024102, 8.874170510440831e-05, QSO: 2
DC21eose, 150.484375020955, 2.16201787052535, 1.6387319007571812, 0.00011422788400506858, QSO: 2
DC21eov, 148.920644498909, 2.12768510088733, 2.2190639589527157, 2.3170042075604113e-05, QSO: 3
DC21epxq, 150.581120105321, 2.22103754149262, 2.02328126380682, 0.000415296258000994, QSO: 1
DC21eqra, 150.95862146393, 3.02751332992197, 0.970451482601727, 0.000129822597406384, QSO: 1
DC21eqsd, 150.244590476404, 2.43227362630386, 0.694001751951114, 4.03893910268605e-05, QSO: 1
DC21eqt, 149.340243385743, 2.22639662852266, 0.13022603424625057, 2.0558740022371332e-06, GALAXY: 3
DC21erhd, 148.47927422255, 2.35277745983763, 1.16302452742379, 0.000298609013967723, QSO: 1
DC21esh, 149.458239840625, 1.56503451562734, 2.005384485056403, 2.8810863104166127e-05, QSO: 3
DC21esmb, 150.545356230034, 1.15437765614203, 2.183988352491046, 0.0001558688747177328, QSO: 4
DC21esqe, 149.623261178914, 3.20032325060026, 0.935417285457731, 6.122441450278699e-05, QSO: 1
DC21ests, 149.57561659224, 2.57566408565351, 1.1668756604236827, 0.000175903623279742, QSO: 2
DC21etnw, 150.511555986263, 2.4096164703288, 0.987031607089933, 0.000130309943815269, QSO: 1
DC21eujl, 149.003292864289, 3.11760059236211, 4.015780725439841, 4.73155071067873e-05, QSO: 5
DC21evee, 149.446009127679, 3.70760604659358, 1.26617176860632, 0.000198437675469882, QSO: 1
DC21evix, 148.905107670115, 1.10793659422998, 3.360857829356515, 8.585886422365919e-05, QSO: 2
DC21evjc, 149.471069417965, 1.6873548026001, 2.143403503243006, 0.0001563254439689738, QSO: 3
DC21ewdn, 148.710954451664, 2.00129090284664, 0.297082395559888, 8.47652560809292e-05, GALAXY: 1
DC21ewlp, 148.952428649747, 2.35462172985382, 1.618871369216519, 7.875282595840103e-05, QSO: 2
DC21exu, 150.438149552581, 2.41581112493415, 2.024091001965307, 0.00014054888096575835, QSO: 2
DC21eyhw, 149.591984793511, 1.44809787451875, 1.56690585631483, 0.000277488403390297, QSO: 1
DC21ezt, 150.808548485518, 2.90293212824479, 0.36534160266759513, 1.3346394297254473e-05, QSO: 3
DC21fbxw, 149.367596751874, 2.83398357888487, 1.6965858704659542, 5.8578622265861276e-05, QSO: 3
DC21fco, 150.015937607193, 3.00145374626836, 2.740665262352291, 7.504842043937162e-05, QSO: 4
DC21fczc, 150.591095556738, 3.31348383593919, 0.673991424243944, 6.31238159154765e-05, QSO: 1
DC21fdxz, 150.785725669993, 2.72306512378933, 1.4399445001824798, 0.000177004266718846, QSO: 1
DC21fesl, 149.679163973886, 3.31381993503665, 0.25564727519961145, 1.3574252831727652e-05, QSO: 2
DC21fetk, 151.353690272879, 2.09664302650997, 1.0845592461894302, 0.00021658960839398482, QSO: 2
DC21ffj, 150.885808746792, 1.51174682589581, 1.1412134225029602, 0.00023842962739872902, QSO: 1
DC21ffop, 149.883328053381, 2.34674008526902, 1.0224852866809797, 0.000290726257827971, QSO: 1
DC21ffpq, 150.444544049698, 1.29432140293542, 3.0599272471135515, 0.00010242330805101611, QSO: 2
DC21fg, 149.176404269406, 2.09844911812003, 1.0332813601725608, 2.7802008888897084e-05, QSO: 2
DC21fhe, 150.705530173081, 2.62959653371567, 2.1267660769316308, 7.452766953964234e-05, QSO: 3
DC21fhu, 149.308415772005, 1.5293046109102, 2.1379236138716036, 8.433229416094706e-05, QSO: 4
DC21fitd, 149.969675586646, 2.98950118639537, 0.665333734587069, 5.806592137157549e-05, GALAXY: 1
DC21fjy, 150.682073070758, 2.7855229509226, 2.5398052492728076, 3.55169803424376e-05, QSO: 2
DC21fkio, 148.62795189869, 1.56475421963796, 1.5491025949177546, 0.00011673679439229775, QSO: 1
DC21fko, 151.337092949098, 2.18693145839188, 2.3884770148821732, 0.00010622420971031958, QSO: 3
DC21fll, 150.29274834248, 3.61887731988995, 1.675711753010633, 0.0001111096830140116, QSO: 4
DC21fme, 150.807504874695, 1.15070063644157, 1.0947871219208503, 0.00023806516191282102, QSO: 1
DC21fmlu, 150.048707559198, 1.4626490072448, 0.168237597736121, 1.28576853336524e-05, GALAXY: 1
DC21fnqg, 150.800211231625, 2.20593278887022, 0.47340674404408645, 1.977328539888907e-05, GALAXY: 2
DC21fob, 149.129782867132, 2.2573679809278, 1.54130613199722, 0.000172847898579961, QSO: 1
DC21fofy, 151.16909015167, 1.47793341586162, 0.3034380649408732, 1.3194931737181017e-05, QSO: 4
DC21fpe, 151.304934355396, 2.21866730176563, 1.9009632863956798, 0.00013877202002592992, QSO: 3
DC21frc, 150.193527822095, 3.61910947974546, 1.6964590769952947, 7.527165352817565e-05, QSO: 3
DC21frct, 150.455884602452, 3.33596824147625, 0.5324964475011713, 2.0915775539451857e-05, QSO: 3, GALAXY: 1
DC21frzh, 149.094121954119, 2.90499152113674, 1.8144710094532401, 0.00013780341857624792, QSO: 4
DC21fsbi, 150.891595128401, 2.69062885932466, 0.988794183344773, 6.7652229794166e-05, QSO: 1
DC21fsbv, 149.69632969765, 3.83448310744112, 1.8580993294645727, 7.63691151086519e-05, QSO: 2
DC21fsdd, 149.467579948361, 3.02851886136557, 0.3589006987895661, 6.7757439445462595e-06, GALAXY: 3
DC21ftm, 149.898672712911, 2.81088408418297, 1.983956982587368, 0.00011740356736155852, QSO: 4
DC21fusg, 150.684257882108, 1.00632806247894, 2.505201217158933, 0.0001674788199262724, QSO: 4
DC21fvf, 150.57257156779, 2.4999309854949, 1.1016895817858072, 7.152472766539668e-05, QSO: 2
DC21fviw, 149.919762555179, 2.32742709048181, 1.45584425304136, 0.000149744784383695, QSO: 1
DC21fvnl, 150.496051000824, 1.00147041692769, 2.249609626759303, 0.00012969117817116175, QSO: 2
DC21fwp, 150.353598758193, 2.34216255216606, 1.715013858971281, 5.714419348600152e-05, QSO: 3
DC21fwtv, 148.79204791211, 1.83946310027126, 0.42354579484098726, 7.419666717966589e-05, GALAXY: 1
DC21fyl, 151.194250227716, 1.99475527940781, 1.7169826969322024, 4.518334764447064e-05, QSO: 2
DC21fyx, 149.872747081624, 3.18377002116246, 0.12436114397073315, 8.875316075663137e-06, QSO: 2
DC21fza, 149.455933108379, 0.797724551732942, 0.23798143600215438, 2.126860892657383e-05, GALAXY: 1
DC21fzls, 150.37163341466, 1.28773626733645, 1.607036333787086, 3.053831365475465e-05, QSO: 3
DC21gayy, 149.716809029684, 2.4778123744984, 0.09251626213053157, 2.490170919964623e-05, GALAXY: 2
DC21gbv, 149.126120360125, 1.3772751861608, 1.4487510016625, 0.00013475419618178, QSO: 1
DC21gdn, 149.018360427077, 2.64894256076734, 1.4424998693575497, 0.00016135318790891397, QSO: 1
DC21gfhp, 150.879700082958, 3.57718786333969, 1.7981335835295598, 0.0001373246738204553, QSO: 2
DC21ggji, 149.64380483357, 3.72747570774887, 1.265014838363471, 9.213651380236238e-05, QSO: 2
DC21ghfy, 150.812185151786, 2.9005166763781, 0.0003487561181762607, 8.077670090140135e-06, STAR: 2
DC21ghpw, 150.204934257625, 1.14284997218297, 0.23239911390298124, 3.6548114154028064e-05, GALAXY: 2
DC21ghzk, 149.699001547835, 1.34537015677326, 1.8210945646684333, 0.00029051478241634137, QSO: 1
DC21gjb, 151.184766047512, 1.68416687923563, 1.52756198717085, 0.00018110952446827598, QSO: 1
DC21gjm, 149.088390412963, 2.12279609519428, 2.2437528599688163, 9.797868911401572e-05, QSO: 5
DC21gjxf, 148.842318586376, 1.47331552954547, 1.07620658026949, 0.00019051942710046965, QSO: 2
DC21gkjw, 150.299815829302, 3.24906004576815, 0.4209296024458669, 2.2483777940528092e-05, GALAXY: 2
DC21gkmn, 150.441884235035, 1.47768634635785, 1.8190765551029133, 0.0001345249499034677, QSO: 3
DC21gkn, 151.529569942079, 2.00002446135728, 0.7118209453695119, 6.31332477925172e-05, QSO: 1
DC21gkz, 150.235593297041, 1.22195959070849, 0.5201620935424234, 1.1610521060845727e-05, GALAXY: 2
DC21gnwt, 149.16183197322, 1.04395923988902, 0.756076636475841, 0.000140925029505655, GALAXY: 1
DC21grdb, 150.115011542658, 3.77155269005027, 1.964079060298096, 9.468542673218238e-05, QSO: 2
DC21gsa, 150.245173700606, 1.90006392372083, 1.562326224511591, 4.0988185015017854e-05, QSO: 2
DC21gto, 150.243076953907, 1.86907745600347, 2.026316341672868, 8.68277224997871e-05, QSO: 3
DC21gux, 150.050561785391, 1.22237937245626, 1.6281976865564354, 5.4433352986241404e-05, QSO: 4
DC21gwql, 150.733519304824, 2.15644492594348, 0.9771398750540892, 4.844252103322834e-05, GALAXY: 1
DC21gye, 149.786201743059, 2.90667713458298, 1.563251148218146, 0.00011568791686314367, QSO: 3
DC21hcv, 150.540056463918, 0.946839801374388, 0.356877087846229, 1.5338458496249923e-05, QSO: 5
DC21hdn, 150.714842966622, 1.30859382301164, 1.00505426976894, 0.000180195324429443, QSO: 1
DC21hep, 150.574890870932, 1.97675215572696, 1.5413249450107973, 0.00028091019922857574, QSO: 1
DC21hhx, 150.789087822195, 1.23820865883454, 1.740664410036135, 0.00010712530389337749, QSO: 2
DC21homb, 150.64855288636, 2.31573160714176, 0.342697545514478, 1.96424792905468e-05, GALAXY: 1
DC21htzq, 150.18514229448, 1.04717348535374, 0.5501845969033224, 7.739066101200405e-06, GALAXY: 2
DC21huv, 150.882001564985, 2.69251889943289, 1.967991006908661, 0.00010633260669125329, QSO: 3
DC21hyaw, 150.145595703017, 2.04305276968786, 1.17699372460339, 8.903641623390271e-05, QSO: 2
DC21hzli, 151.630026046868, 2.15116056221532, 0.7397770996966618, 3.378726727315934e-05, QSO: 2
DC21hzoq, 151.355882988811, 1.44857190620853, 0.41440648818349834, 6.562108746555211e-06, GALAXY: 2
DC21iao, 150.998340794395, 1.79371594717211, 1.8051400148940455, 9.536892133090446e-05, QSO: 2
DC21iaz, 149.653900991445, 3.08994726685678, 1.5563801214011272, 0.00014436117738384746, QSO: 2
DC21ibj, 150.419165446754, 3.36919753666587, 2.9182790869902275, 5.6867538606974026e-05, QSO: 5
DC21idu, 148.857667154938, 1.86505931441666, 1.1179267817142506, 4.8915452173319494e-05, GALAXY: 1, QSO: 1
DC21ieh, 150.594443282, 3.07949179521867, 1.5428026326683468, 6.212921234534385e-05, GALAXY: 1
DC21ieq, 149.441495382995, 3.62816633233866, 1.7861099737282233, 0.0002153517889612931, QSO: 2
DC21ifio, 151.013783917303, 1.79584394021939, 0.3709574424799656, 1.7826138056363635e-05, GALAXY: 2
DC21igk, 151.29753267841, 2.38776538546175, 0.371479306339838, 5.6119529378216904e-05, QSO: 1
DC21ii, 148.770294691982, 2.69855224918695, 1.3854542403539218, 6.153377958840064e-05, QSO: 1
DC21ijs, 150.297528557344, 3.68345541474378, 2.2676318387403365, 3.0265823437165932e-05, QSO: 2
DC21ijz, 151.199784184869, 2.50717135255625, 1.6597768839459, 0.000216765813367384, QSO: 1
DC21ikd, 150.720686954782, 2.69363002188945, 2.619305519166009, 0.00011679733655752022, QSO: 4
DC21iko, 149.621902042906, 2.73831352856473, 1.8941637878778732, 9.281170503894257e-05, QSO: 2
DC21ilzz, 148.875711463255, 2.60891952816812, 0.693543501841489, 2.6958650948675705e-05, QSO: 1
DC21imvl, 151.31322777642, 1.33610809719868, 0.9789948341268069, 8.592688146061949e-05, GALAXY: 1
DC21inm, 149.202688820685, 0.994112294506248, 0.763785157680893, 4.37335435603993e-05, QSO: 1
DC21ioi, 148.61855442534, 2.31095930970165, 1.2215591170812, 0.000145012863330199, QSO: 1
DC21iqvk, 148.781963093275, 2.67436199361008, 0.253685322923025, 2.47593533332439e-05, GALAXY: 1
DC21iuu, 149.489617, 1.793822, 0.6712357449572772, 5.874767377677197e-05, GALAXY: 2, QSO: 1
DC21ivn, 148.865346223894, 2.45308941762272, 1.50808346839147, 0.000125665389945271, QSO: 1
DC21jac, 151.101289206167, 0.99105024783033, 2.2277602409479402, 0.00010215744001843322, QSO: 2
DC21jay, 150.563406361633, 3.21045198548932, 0.104361639441109, 7.75725955711855e-06, GALAXY: 1
DC21jcn, 150.06108898805, 3.81335865223243, 1.7218775409630174, 5.863323698829141e-05, QSO: 3
DC21jds, 150.195576106092, 2.00442217282128, 1.9212305560441014, 8.904011119083662e-05, QSO: 3
DC21jed, 149.741408619029, 3.13733258237689, 1.16843409398234, 0.00017124251636025, QSO: 1
DC21jee, 151.552700300618, 1.95398471548005, 0.7126687599777941, 7.54959906909836e-05, GALAXY: 1
DC21jes, 150.207235171947, 3.88867105783853, 3.3654084862837337, 2.241954932957514e-05, QSO: 2
DC21jf, 149.685927553514, 2.52166747843862, 0.00024212245502716, 7.222105049662109e-06, STAR: 1
DC21jfw, 149.383933608602, 2.91108904516199, 1.35875957292062, 0.000280588200837607, QSO: 1
DC21jgkm, 150.236236336286, 2.28912429570273, 2.08296522102503, 0.00013591946407719827, QSO: 2
DC21jgkw, 150.503793128142, 3.0740853621106, 1.06317746480472, 0.000208732398204952, QSO: 1
DC21jgt, 149.209808255613, 3.39425201757445, 1.0911264363060569, 7.067594064783489e-05, QSO: 3
DC21jgy, 150.199733623405, 3.78368749134525, 1.9007944580188563, 0.00012655242752037136, QSO: 3
DC21jjq, 149.320809519419, 3.15011789467521, 1.18035801541054, 9.384592827311042e-05, QSO: 1
DC21jln, 150.43102549141, 1.93523527693584, 2.1711156250585217, 0.00021901252748170904, QSO: 2
DC21jmx, 150.919081644328, 3.38800799874672, 0.720716699746936, 3.620895090139e-05, GALAXY: 1
DC21jobq, 149.338327601696, 3.31693320305592, 2.433713637801007, 6.945661233806542e-05, QSO: 4
DC21jpt, 149.534288993701, 3.39769369653705, 0.000126918076736629, 9.40430375602955e-06, STAR: 1
DC21jrc, 150.893895463732, 3.4688380665756, 2.319325004925379, 0.00011541380787960803, QSO: 2
DC21jw, 149.134941449772, 2.54810051802448, 2.2708899396657416, 7.722358652402352e-05, QSO: 2
DC21jxm, 149.575972641043, 0.867809221591737, 2.650449604565786, 0.0003173978663065193, QSO: 2
DC21jyga, 150.585650068596, 3.31213657463528, 0.0003441046748158939, 6.912240612555569e-06, STAR: 1
DC21kblb, 150.308095199006, 3.64861435357359, 0.6932027823750773, 2.9066293577362445e-05, GALAXY: 2
DC21kbqy, 150.397886368839, 3.81707066266636, 1.8409204951736786, 0.00010992548635433792, QSO: 1
DC21keiv, 150.58122255164, 1.9269478573064, 1.508444573261854, 4.70082034207867e-05, QSO: 1
DC21kfy, 148.867686182059, 2.55726257511291, 0.935784201246331, 0.000101395868994242, QSO: 1
DC21kh, 149.297494095162, 1.77858778407267, 1.3815402738327, 0.000173244784558587, QSO: 1
DC21kle, 150.988251019644, 2.44411681370816, 1.4841577316096963, 8.583403722010739e-05, QSO: 3
DC21klq, 150.635406766956, 3.5688823086081, 2.87766955141855, 8.366588920848891e-05, QSO: 1
DC21knb, 150.443683362837, 2.04908645109869, 0.668683789913226, 1.0076314277396948e-05, QSO: 2
DC21kqy, 150.285630040071, 2.01456211734979, 2.654954195594833, 0.0001524117043245516, QSO: 3
DC21kuk, 150.901574804003, 2.34532808381998, 0.873449081246716, 3.88339327988968e-05, GALAXY: 1
DC21kwx, 149.287118742616, 1.43161569951159, 2.6805873223409593, 5.303370531571414e-05, QSO: 3
DC21kzt, 151.575710709862, 2.08936694597556, 0.6138017442466548, 4.744448024493256e-06, QSO: 1, GALAXY: 1
DC21lhq, 150.703294379447, 3.31603339411825, 0.8513819847407819, 2.85860626624596e-05, GALAXY: 1
DC21lkx, 150.416288004111, 3.81946077415586, 0.689077051529232, 9.03540202504889e-06, GALAXY: 1
DC21lnm, 151.062763961986, 1.13269070991014, 2.711921770298507, 6.460629298401244e-05, QSO: 5
DC21lx, 149.585214454537, 2.05110678815559, 1.3576887054933016, 5.278155988506707e-05, QSO: 1
DC21mgd, 149.169999783444, 2.68748620056365, 0.4284647183062435, 3.9544741346686364e-05, QSO: 2
DC21mk, 149.47794693571, 2.64243903617181, 1.6063153918285626, 5.7718655334850756e-05, QSO: 3
DC21mnk, 149.705813456093, 2.41979627518337, 1.11960335370295, 0.00014719340790455, QSO: 1
DC21mou, 149.349170832814, 1.93757002249442, 1.36932162660018, 0.00011168272837028698, QSO: 1
DC21mp, 148.869079583843, 2.28919188209783, 1.5510721012566397, 0.00011669603574755, QSO: 1
DC21mtc, 151.381300946489, 1.15585314322142, 0.98902529124599, 8.76554074145966e-05, QSO: 1
DC21ni, 149.936281533772, 1.30339902535834, 0.7318966741637153, 2.757602810249876e-05, GALAXY: 1
DC21nkc, 149.894833239475, 2.17443432201749, 1.3249721104941174, 0.00010422366471998445, QSO: 2
DC21ntq, 148.859982408891, 1.01646054820816, 1.6589077070216602, 0.00037294208889853705, QSO: 1
DC21ocq, 149.929612230859, 3.00893238387167, 1.9436414192502145, 9.066790278708474e-05, QSO: 4
DC21ocr, 149.25661017916, 2.64924998100442, 1.0760069158146295, 7.921176399586341e-05, QSO: 1
DC21oja, 149.838825551116, 2.7367932692319, 1.4655689825534568, 4.8426343552499966e-05, GALAXY: 1
DC21okk, 149.421042067285, 3.05625008378676, 1.0700017176671166, 8.783917777341656e-05, QSO: 1
DC21olj, 150.105503471659, 3.80665708669765, 2.4099507327338503, 4.975382710593433e-05, QSO: 4
DC21ovc, 149.573487073279, 2.02363685800833, 2.801728300265333, 5.740160083141002e-05, QSO: 2
DC21ovi, 148.612008567364, 1.60939691331632, 0.8285228783905326, 1.712315975369245e-05, GALAXY: 2
DC21oyc, 150.88519833401, 3.01716917923546, 1.6507279799279924, 0.00016293434469440653, GALAXY: 1
DC21pcn, 149.351538004096, 2.588563402529, 0.956262630361112, 0.00010801991587448099, QSO: 1
DC21pfr, 150.355460226923, 1.47231666762597, 2.605895062882037, 9.772884055997809e-05, QSO: 3
DC21pir, 151.469366430062, 2.39222373158136, 0.4458581718639209, 6.399794718190706e-05, GALAXY: 1
DC21pjq, 149.240126595502, 1.21945897207031, 2.3377083708338864, 7.026818535036277e-05, QSO: 3
DC21poa, 150.045237665692, 2.68849756382448, 1.4382170440289899, 0.000197429023525906, QSO: 1
DC21pra, 148.493844019876, 2.38131418786583, 1.04356588108023, 0.000136366914457188, QSO: 1
DC21pul, 150.230793717655, 2.57816921725152, 1.4022747404835298, 0.000117419853354067, QSO: 1
DC21put, 149.12673945137, 1.18269195773871, 2.776446843441242, 9.754207013496882e-05, QSO: 4
DC21qdh, 150.767387636858, 2.73904687379401, 2.2226152106022474, 4.342333723902307e-05, QSO: 5
DC21qil, 149.397918832467, 3.30524349105448, 1.6834903941975665, 0.0001142075417744761, QSO: 3
DC21qos, 150.862655446426, 3.43812131717902, 2.0757651017085355, 9.684815814143608e-05, QSO: 4
DC21qwc, 150.268521594035, 3.31749816536013, 1.2497161522969809, 0.00012081326643397328, QSO: 1
DC21qwg, 149.933919186037, 2.84378637953163, 1.9846387227136326, 0.00015212623387562656, QSO: 4
DC21qxb, 150.2618873091, 3.29648375746993, 0.243838125379363, 3.27717533437346e-05, GALAXY: 1
DC21qxv, 151.345983210589, 1.23027894849321, 1.3982885301350303, 0.000215283915833174, QSO: 1
DC21rcj, 150.274224534497, 3.0002884570141, 1.44054477722623, 9.1797815687823e-05, QSO: 1
DC21rcr, 150.028239771143, 3.76783742179564, 0.15075567172554857, 4.873351944851105e-06, QSO: 1
DC21re, 151.200278732509, 0.995054759311139, 1.4543207878303435, 8.949046871264712e-05, QSO: 1
DC21rih, 149.179478918355, 1.02888238066281, 0.883092509739061, 0.00010091625504413201, QSO: 1
DC21rlj, 149.504287270521, 0.874297795803008, 1.38774847396051, 0.00014508971843186702, QSO: 1
DC21rpq, 149.760640874461, 2.41989238118913, 1.10047107595462, 0.000278669624973497, QSO: 1
DC21rpw, 149.607430862835, 1.44129202865954, 3.156604046032405, 0.00012697359879156945, QSO: 4
DC21rvg, 149.652485034204, 1.41071822512208, 3.4710669678919474e-05, 1.3907584951726345e-05, STAR: 1
DC21rvk, 150.349905463418, 2.24608919278374, 0.894429163278742, 0.000147889979946408, QSO: 1
DC21san, 149.811053887368, 1.60974377009982, 2.421075216573346, 0.000290465495940439, QSO: 2
DC21sbf, 150.609694702317, 2.32308692260726, 1.2962113236049102, 0.00016600508539775903, QSO: 1
DC21sbj, 150.13776972372, 3.07285890539858, 1.7083536968493198, 0.00011391355482365577, QSO: 2
DC21sby, 149.879548173127, 3.22213411561815, 2.1083362784983355, 7.926902598481279e-05, QSO: 4
DC21sda, 148.887861329205, 1.73947834293922, 0.6784939082645636, 2.4991248393711848e-05, QSO: 1
DC21sek, 150.509263766004, 2.69938186598242, 0.7943514532359058, 5.4258674519201596e-05, GALAXY: 1
DC21sey, 151.620840132344, 1.60421538919325, 2.280349779003036, 0.0001259598470901514, QSO: 2
DC21syd, 150.104433400183, 2.6912388849809, 1.8783942758174899, 8.473754318846851e-05, QSO: 2
DC21syx, 150.103695252302, 2.66573043938603, 2.948271130105525, 4.6881215060887326e-05, QSO: 5
DC21thq, 150.105547222222, 2.1263027027172, 0.9611959162744101, 9.33125143865032e-05, GALAXY: 1
DC21tii, 150.042472722528, 2.6291616162701, 0.808387526665531, 4.0650072244573996e-05, GALAXY: 1
DC21tlp, 149.238525969437, 3.17241052632993, 1.3323878124240502, 0.000295156550072384, QSO: 1
DC21tlw, 149.27407766473, 1.50246794686312, 0.24464944523187698, 5.47530825770321e-06, GALAXY: 1
DC21tmp, 148.742719999852, 1.93805782463165, 0.7464033468138486, 1.7526302666534299e-06, GALAXY: 3
DC21tne, 148.741502913308, 1.92888986127205, 1.5515884988876598, 0.00023656514932795402, QSO: 1
DC21tpq, 149.897936769235, 2.0939046307893, 1.91495511721096, 0.000223175603566381, QSO: 1
DC21trb, 149.375891352052, 2.02615081659726, 0.9977615419259626, 5.5594751223078294e-05, GALAXY: 1
DC21ttg, 150.119300716622, 2.85351848936773, 0.765949248687838, 5.75214579398446e-05, GALAXY: 1
DC21ttx, 150.985167858151, 1.82498871390125, 0.158618258627069, 4.13966351063663e-05, GALAXY: 1
DC21tuh, 150.041514204709, 2.79491702098691, 2.3949191655417246, 9.374275343199839e-05, QSO: 3
DC21tzu, 150.718099397546, 1.55545875471998, 0.9373335111304313, 3.30091036913593e-05, QSO: 2
DC21ub, 151.273436148417, 2.21434157095903, 2.130580329081866, 7.267526746438035e-05, QSO: 3
DC21ubb, 150.971795996882, 2.48981888772739, 0.8576908205977283, 1.4483935699562276e-05, GALAXY: 2
DC21ubu, 150.917542967513, 2.02161255405365, 2.33024280956467, 0.00021071387238111254, QSO: 2
DC21ucs, 150.131732065947, 1.79938576728029, 1.6814930801862313, 3.6963643607484167e-05, QSO: 4
DC21uct, 150.384889137419, 1.02013720999281, 1.41466066231928, 0.000144981312257931, QSO: 1
DC21udz, 151.237662489958, 2.70669061278314, 1.3490595829986698, 0.00015255453534907597, QSO: 1
DC21uhc, 150.068427472994, 1.85136843464134, 1.13539858664135, 5.69149085921175e-05, GALAXY: 1
DC21uok, 149.457015755002, 1.16086843375516, 2.102353687912592, 7.107631138759687e-05, QSO: 3
DC21uve, 149.297216851238, 2.48970384762247, 0.37534389548799346, 1.7021303979727256e-05, GALAXY: 3
DC21vey, 149.562477272849, 1.4085362437032, 0.309164222139554, 3.31813625821719e-05, QSO: 1
DC21vge, 151.038419398774, 0.991502103141593, 1.8688191929884805, 8.369822533686009e-05, QSO: 3
DC21vgf, 150.123708344226, 3.08986302783786, 1.6433913255825443, 4.474238392042734e-05, QSO: 4
DC21vil, 150.073887096325, 3.09026016338952, 2.175384239270596, 5.1164125954570714e-05, QSO: 4
DC21vlt, 149.963371017028, 3.78375636652245, 1.42240885578942, 0.00046755059014302804, QSO: 1
DC21vqc, 150.352491113832, 3.10979063400564, 0.8293968920497438, 3.788080842925377e-05, GALAXY: 1
DC21vuv, 148.927748116772, 1.14812398323022, 3.868293684337751, 9.75023355197342e-05, QSO: 2
DC21vxc, 149.204827904481, 2.19125649546943, 0.282410998720678, 3.85188374003537e-05, QSO: 1
DC21wby, 150.279169768568, 1.76410346141431, 0.3457087475711129, 4.555094076027967e-06, GALAXY: 2
DC21wlm, 149.28740710036, 3.47952763361863, 0.350339526560603, 0.000104802961476194, GALAXY: 1
DC21wmq, 150.281966335266, 1.41088788631668, 1.6330630402299853, 5.253534607096951e-05, QSO: 2
DC21wpu, 150.21634276007, 1.98870205630845, 2.2298982381685954, 0.00014037084271419594, QSO: 4
DC21wto, 150.492764886622, 3.16445970582286, 0.5690327179554145, 5.380808267039782e-05, QSO: 1
DC21xmt, 149.771376264554, 2.25835019772479, 1.1145117389727321, 7.927545579044556e-05, QSO: 2
DC21xtu, 149.504008392951, 3.00722075291707, 2.2589588333759574, 5.184527865160115e-05, QSO: 6
DC21xuy, 150.378422678006, 3.17634972431545, 2.610157739281892, 0.00018470240470413554, QSO: 2
DC21xva, 150.837070938554, 2.4916673097782, 4.42088074428601, 5.84447802547469e-05, QSO: 1
DC21yai, 150.140793963488, 2.73190018590048, 1.32039812508423, 0.00023204761531496097, QSO: 1
DC21yn, 149.763941556631, 1.06982193479389, 0.5550327291594771, 3.909711100854418e-05, GALAXY: 2
DC21yor, 150.125311737039, 3.08250864674703, 1.236367648961394, 0.000153104360953449, QSO: 1
DC21ypd, 149.241376634449, 3.22443813923325, 2.5376236476186023, 0.0001288434928313433, QSO: 2
DC21yrc, 148.879386229778, 2.21796615432424, 0.9798031757305075, 0.0001087019524141419, QSO: 2
DC21yvh, 151.131376965544, 1.4981780348832, 2.034860613328718, 0.00013404106669240914, QSO: 3
DC21zhd, 149.464914785335, 3.68293470259991, 0.8613733315326729, 7.78313595522714e-05, QSO: 1
DC21zkr, 149.505068556369, 1.37114925797979, 0.44818114753597027, 1.2095685589493663e-05, QSO: 3
DC21zwr, 149.009505415776, 1.18225807185094, 0.673224320758672, 6.28575089035571e-05, QSO: 1
DC22earib, 150.567265096221, 2.50359676163112, 0.212926000179562, 5.105818078421059e-05, GALAXY: 1
DC22earjk, 150.568168686997, 3.22486459238481, 3.502675200482723, 0.00021805259076075885, QSO: 4
DC22earjn, 149.854818083304, 3.20195474701992, 1.6558667338175082, 0.00011042616265824526, QSO: 3
DC22earme, 149.745280669538, 3.548596771279, 1.3308920725456401, 0.00023918640051753603, QSO: 1
DC22earmo, 149.243458653026, 3.05097488571657, 0.2609304527348654, 1.1589975594381592e-05, GALAXY: 2
DC22earoy, 149.931608752351, 3.15364874013905, 1.661079911783226, 0.00023405369631798384, QSO: 1
DC22earrc, 150.272411616994, 2.9689401339901, 0.6547740710267889, 7.19597393590217e-05, QSO: 1
DC22earuo, 150.103520976109, 3.06054862302284, 1.24201324174388, 0.000237676351844219, QSO: 1
DC22easdc, 150.114062222831, 4.03138981049645, 2.63925479974447, 0.00024066720106838098, QSO: 1
DC22easkb, 150.240629898208, 3.37890863238322, 0.5453613145083485, 8.795739745213763e-05, GALAXY: 3
DC22easns, 150.300022406803, 2.70937073651764, 2.2324835443916835, 0.00018119232071252576, QSO: 1
DC22easqb, 148.943347171874, 3.11330690059875, 2.351330927534632, 0.00023734996274469368, QSO: 6
DC22eathc, 150.243458461386, 3.46655338163478, 0.1519266488642, 6.4738074959534605e-06, GALAXY: 1
DC22eatjg, 151.042366793739, 3.05043658665218, 1.26593333415443, 0.000198060625508923, QSO: 1
DC22eatmf, 149.044696895436, 2.0550298915019, 2.705385176208983, 0.00032018864248686916, QSO: 4
DC22eatpz, 148.977729017036, 1.88137935023615, 2.1099517345886007, 8.033297854520777e-05, QSO: 4
DC22eatte, 150.231680446702, 1.66520245461087, 0.9116296980378165, 4.2713035638030995e-05, GALAXY: 2
DC22eaueb, 149.218247262582, 2.5964511535356, 0.48094216814998775, 1.2272962136329079e-05, GALAXY: 2
DC22eautz, 149.271862444384, 2.29008150414359, 1.80621862989195, 0.000365189031197156, QSO: 1
DC22eauvd, 150.816642589913, 2.4374881850773, 2.0380408392001352, 0.0001818103664640278, QSO: 3
DC22eauwy, 150.536503146711, 0.960357602538359, 1.6903028681986583, 0.00017279879877135876, QSO: 2
DC22eavey, 150.195675176769, 2.98483828531162, 1.2591857074608253, 8.370536442047651e-05, QSO: 1
DC22eavhm, 149.097730418953, 1.98908431036504, 1.6454899621221937, 0.00022119366013753945, GALAXY: 1
DC22eavii, 148.99582469595, 1.60233394781117, 2.3101771473080026, 9.979447896527417e-05, QSO: 2
DC22eavkk, 148.962462286195, 1.80972289986264, 1.16696810252042, 7.35810473438668e-05, GALAXY: 1
DC22eavld, 149.481134896091, 1.23969149023337, 2.2486372090911444, 0.00031633577533567067, QSO: 2
DC22eavqw, 150.771149729735, 1.86567275986403, 1.4488261830023257, 4.3976887567004783e-05, QSO: 1
DC22eavrw, 151.441587521726, 1.37339826425394, 3.1518841505341877, 0.0001483335938405583, QSO: 1
DC22eavsq, 150.353069129803, 1.96076379270352, 1.1704558142909, 0.00030047791915815, QSO: 1
DC22eavss, 150.289317803079, 1.35633108710372, 1.5124403002398197, 0.00042185269758745597, QSO: 1
DC22eavto, 150.818148045086, 1.70661330512951, 2.076030824329987, 0.00019894815767586665, QSO: 3
DC22eawan, 150.383784152693, 0.883139291606977, 1.0672009348205924, 8.80017378729777e-05, QSO: 1
DC22eawcb, 150.254368268607, 3.87613361516782, 2.7732765242848716, 0.00022352441690972358, QSO: 2
DC22eawkf, 150.963927858645, 1.16914736919369, 0.174059318490981, 1.19028596930479e-05, GALAXY: 1
DC22eawla, 150.807390468574, 1.12797011060375, 1.2005066248189793, 9.717174187658987e-05, QSO: 1
DC22eawoc, 149.531321567351, 0.914824225699349, 1.2627615471098055, 6.0244284631753227e-05, QSO: 1
DC22eawql, 149.74582970222, 1.3927683103658, 1.16488966412419, 0.000124292881251278, QSO: 1
DC22eawss, 150.616324351855, 1.5598990493739, 2.0191266614948, 0.0005641617036055001, QSO: 1
DC22eaxdb, 150.909602821174, 0.936753554551633, 1.1625502120743003, 0.000253779795464349, QSO: 1
DC22eaxdg, 149.610683098749, 2.41080856623578, 2.21243944064955, 0.000363589600758996, QSO: 1
DC22eaxfs, 150.315513747558, 1.07114394573025, 1.9455416656570046, 0.00011657514226793116, QSO: 3
DC22eaxth, 151.595083002351, 1.37344078874972, 1.59978275701852, 0.00020098135897971597, QSO: 1
DC22eaziq, 149.943493794622, 3.61611730810676, 0.896300819938454, 4.6034127938090894e-05, GALAXY: 1
DC22ebbym, 148.685558103939, 2.25562119447237, 1.4848397927780175, 0.00014621846575857276, QSO: 2
DC22ebdmc, 150.750639541939, 0.981177797541354, 1.6924433232648248, 0.00010696081737392207, QSO: 2
DC22ebfus, 149.430145876718, 1.23101214744168, 0.8259169071192406, 5.8312534356319325e-05, GALAXY: 2
DC22ebgdj, 149.894482585868, 2.14856491753338, 0.093438527032855, 9.38700073811763e-06, GALAXY: 1
DC22ebing, 150.136729166596, 3.58296866778807, 1.723833569100147, 7.14515155982393e-05, QSO: 3
DC22eblcf, 150.531869590877, 2.18889817701695, 0.82891787974437, 8.948853642980938e-05, QSO: 1
DC22eblcm, 151.328271336326, 1.82057603219865, 4.001028601180815, 3.1644770175963e-05, QSO: 2
DC22ebmcx, 150.788373051799, 2.34397679441802, 1.961412095523134, 6.955083885681193e-05, QSO: 2
DC22ebrhm, 150.524508470319, 3.20055681675709, 1.5466857787602855, 7.663665565967343e-05, QSO: 1
DC22ecqcs, 148.956137954595, 1.68188474065059, 1.5401779428551243, 0.00022606460418205413, QSO: 1
DC22ecrnw, 150.988397105463, 1.69880385473597, 1.4403583845938042, 0.00013397847961845483, QSO: 1
DC22ecscs, 150.632543713514, 3.23892531592975, 1.09156078656728, 0.000198215370617372, QSO: 1
DC22edbcu, 150.320615562818, 1.63446724123531, 0.7456887025703346, 2.450323015075161e-05, QSO: 2
DC22efrda, 149.429030994325, 3.20917721641167, 1.7840956044148264, 0.00014189055116923586, QSO: 3
DC22efxwq, 149.506022673665, 1.80913102420408, 2.400470826246503, 0.00016029879762536923, QSO: 4
DC22egfkh, 150.113683634093, 3.21474857590625, 3.1320082180853133, 2.1705072886383665e-05, QSO: 5
DC22egihx, 150.661264546245, 1.66013707507436, 1.31879438207333, 0.000159618792019678, QSO: 1
DC22eginr, 150.0518328979, 1.6827519937237, 2.269832776478737, 9.004310711526285e-05, QSO: 2
DC22enftc, 150.05869329242, 2.47739445167457, 1.2575994941123514, 4.778438524103265e-05, QSO: 2
DC22engpz, 149.66013577743, 1.30693333985753, 0.9373405628597254, 1.0103492266055689e-05, QSO: 2, GALAXY: 2
DC22enjfp, 150.86378920234, 1.59738822121609, 1.17393122149514, 0.00023384448072269197, QSO: 1
DC22enklo, 150.861666720289, 1.31320000698908, 0.6488943540094056, 1.0677450162763936e-05, GALAXY: 2
DC22envrv, 151.004680365278, 1.88873863933672, 0.6808377590231532, 1.3375014640718349e-05, GALAXY: 2
DC22enxfu, 150.161766742252, 1.8779080601337, 1.4459960818368502, 0.000355147289290526, QSO: 1
DC22gtbtd, 149.909025156049, 3.7996215008534, 0.151861768758547, 4.75945467007712e-05, GALAXY: 1
DC22gtcsu, 149.20677538446, 0.960325586396267, 0.842661942015586, 0.00020609232191057202, QSO: 1
DC22gtdfz, 149.444076011484, 2.54836631589905, 0.9630878010205377, 1.9024893224577947e-05, GALAXY: 3
DC22gtdqm, 148.991385795825, 1.29553376691236, 0.4889194917559417, 5.9527117765663684e-05, QSO: 1
DC22gtdqx, 149.524397872645, 1.86637106082359, 0.6605259591483619, 8.033769467142478e-05, QSO: 1
DC22gtdsi, 150.459395141344, 1.30972680235041, 0.17192992983796404, 2.1542638512977004e-05, GALAXY: 1
DC22gtefu, 150.495639831927, 2.41255749913727, 1.3708485912826, 0.000226243477292127, QSO: 1
DC22gtjkf, 149.30129051879, 2.49094744655496, 0.9421972871275981, 3.44727682737307e-05, GALAXY: 1
DC22gtowb, 149.660589365651, 3.70405263366601, 0.197353652554172, 4.88812019856546e-05, GALAXY: 1
DC22gtpwt, 149.715603811335, 2.01649815133539, 2.6862602851667585, 0.00011712632999435585, QSO: 2
DC22gtqsr, 151.432848145232, 2.22204737791851, 1.703583760592114, 9.137619049671198e-05, QSO: 2
DC22gtqua, 150.707998762863, 2.29231151096706, 1.09701322247327, 9.35538014438741e-05, GALAXY: 1
DC22gttzi, 149.703592137431, 2.57809147256285, 1.544473467835272, 6.607876589270191e-05, QSO: 1
DC22gtwew, 150.365911463177, 1.82928914262296, 0.9696649705574379, 7.474678145148949e-05, GALAXY: 1, QSO: 1
DC22gtwiy, 151.068913680438, 2.6418002663168, 1.722338542618229, 0.00010065485188353435, QSO: 3
DC22gtxqt, 151.06301145997, 2.42821734103947, 2.214559446324388, 0.00012187762329481111, QSO: 4
DC22guctp, 150.933537830917, 1.28085153341726, 1.1804463301206702, 2.3339048759154e-05, GALAXY: 1
DC22guhrf, 150.378042236653, 3.09000785117787, 0.211373194683995, 4.87680297678687e-06, GALAXY: 1
DC22guiqk, 149.667997709323, 2.13533346173792, 0.33894373717676674, 1.2616138686867386e-05, GALAXY: 2
DC22gumgh, 151.458621472795, 2.21392143245794, 2.027405418038192, 0.0001230936407603835, QSO: 4
DC22guntn, 150.345902399608, 2.14751190090574, 1.25717811842501, 0.000193427807744068, QSO: 1
DC22guntw, 150.81815839875, 3.05632950935, 1.357264193127842, 0.00010488236679874837, QSO: 2
DC22guosd, 149.060601559304, 2.52441866066352, 1.2512805986136164, 0.00016356259169854603, QSO: 1
DC22guwnb, 149.78976695539, 2.32120727949984, 0.37744102584352396, 2.8082240572785634e-05, QSO: 2
DC22gvcqm, 150.699724966197, 2.65000118297534, 0.2618293739712557, 9.430343687876601e-06, GALAXY: 2
DC22gvkgc, 149.833782372953, 2.8133578786562, 0.12381283058584401, 8.4960712133414e-06, GALAXY: 1
DC22gvlsy, 149.986094177287, 2.0088995189216, 1.24231506349844, 5.04732241674334e-05, GALAXY: 1
DC22gvszm, 149.312750887403, 3.49600582992585, 0.302195950242059, 8.4882709848466e-05, GALAXY: 1
DC22gwmcc, 150.276585237539, 3.05274299505395, 0.6090567185637829, 2.1129647988671998e-05, QSO: 4
DC22gwqvp, 150.105200769668, 1.98113358332937, 0.37242202981161837, 7.2489565136495604e-06, QSO: 2
DC22hapgs, 150.332068558901, 1.0838306675232, 1.1090294644265248, 5.2260343060586704e-05, QSO: 1
DC22hazvo, 150.456627930584, 2.64813603991107, 2.049944855637204, 0.00013651001974085278, QSO: 4
DC22hebqy, 149.74856147384, 3.70166020329272, 0.8976628847177393, 2.1634369783711e-05, GALAXY: 2
DC22hihkl, 149.593459256371, 3.79909383450574, 1.4945831952252502, 0.00023260289412886203, QSO: 1
DC22hiozn, 150.386710333409, 1.96659344203398, 1.5369893995719701, 0.00024463516312665, QSO: 1
DC22hirqf, 149.178674472325, 1.32530033684512, 3.204837466194487, 0.0001345032277474861, QSO: 2
DC22hirtc, 149.206466357133, 1.93384141628681, 1.5404168622228538, 6.524999045804824e-05, GALAXY: 1
DC23jjjge, 149.870692937818, 2.4172766567962, 1.5270492830021, 0.0011900165747706, QSO: 1
DC23jjkcv, 148.985702258806, 2.12815031982247, 0.31339959766347697, 1.2865323465629954e-05, GALAXY: 2
DC23jjkug, 148.961469091775, 1.14720602218854, 1.3918407890696398, 0.000216329000661349, QSO: 1
DC23jjllf, 149.004503229758, 1.16121690688905, 2.3712055170376902, 0.00013799692256671862, QSO: 1
DC23jjmhv, 150.955746779567, 1.52402983691914, 0.9600469196294249, 0.000293768691037134, QSO: 1
DC23jjmjf, 151.40966968011, 2.29626795131977, 2.208865573070548, 0.0001799212057830402, QSO: 2
DC23jjmrb, 151.017937444519, 1.21014831023217, 2.0582867081699368, 0.00017260150145016965, QSO: 3
DC23jjmtc, 150.195919315517, 1.30041877931944, 1.2189983640938957, 8.365731362175331e-05, QSO: 4
DC23jjmva, 150.2857976764, 1.07127905676066, 1.21686040845197, 0.000211358918734991, QSO: 1
DC23jjnju, 149.631865444357, 3.80202781224095, 2.5071713019029844, 0.00022185294658829487, QSO: 2
DC23jjqsz, 151.080007349507, 1.11610611149287, 2.0798220541471943, 0.00016967170492913604, QSO: 4
DC23jjrsk, 149.644107513073, 2.8952448743288, 0.201289002828551, 1.31376634510328e-05, GALAXY: 1
DC23jjrzl, 149.565153329038, 3.77844215398796, 1.8012345179849687, 0.00014044652140179573, QSO: 3
DC23jjtvm, 148.640786374808, 1.8756669462961, 1.5927764176685895, 9.961145036358194e-05, GALAXY: 1
DC23jjxlv, 150.28503793828, 2.85407493767075, 0.10271377322428937, 1.2374285689361439e-05, GALAXY: 2
DC23jjyzr, 149.70625215658, 1.51987972722623, 1.9537172611054, 0.00032311069145668004, QSO: 1
DC23jkcnc, 150.746991836471, 3.50702725712626, 0.9635422230710085, 7.297316540374081e-05, GALAXY: 2
DC23jkpvb, 149.851949985518, 1.99841866939322, 1.2394133231235478, 4.357566667276462e-05, QSO: 1
DC23jmszp, 149.997597660425, 2.02701480637594, 0.760197847220852, 9.47800753159452e-06, GALAXY: 1
DC23jmtkq, 149.114289560681, 1.89986794943621, 1.1304066483322, 0.000174014763141941, QSO: 1
DC23jmzca, 150.446020420613, 2.04348503608641, 1.1709831979659728, 7.178301772060191e-05, QSO: 2
DC23jnbld, 149.57483283996, 3.53846878910393, 1.45123484246269, 0.00045164077368650603, QSO: 1
DC23jncwv, 151.036312636058, 2.59369901222723, 0.8881336151879704, 6.584369127836715e-05, QSO: 3
DC23jnevv, 150.742573187801, 1.98582637779574, 1.5981441379433001, 0.000169498078896823, QSO: 1
DC23jnfuh, 150.088272490932, 2.45931916311193, 0.7304476278857149, 7.950256633576569e-05, GALAXY: 2
DC23jngjo, 150.439181761827, 3.77449874712869, 2.2367825446655853, 8.271439844285084e-05, QSO: 1
DC23jntwl, 149.798582629121, 3.57861570580225, 1.8086644461069885, 9.291690200908148e-05, QSO: 2
DC23jntxz, 150.240018206318, 3.01360768238542, 2.647196926722968, 2.9982683753171234e-05, QSO: 4
DC23jnzeq, 151.609409440284, 1.60516485485966, 1.6936646380864695, 0.00016867447365748333, QSO: 1
DC23joaur, 150.339552528767, 3.41276196315378, 0.76123575003875, 3.68195517001777e-05, GALAXY: 1
DC23jodpa, 148.876792444209, 2.17458816819084, 1.8796101634197633, 0.00029242630159486967, QSO: 1
DC23jpkhy, 151.228622378695, 2.38263881373377, 0.27583675592352813, 1.0189826010272058e-05, QSO: 2
DC23jpvpn, 149.66191269702, 2.3969015062781, 0.3552082435923253, 1.296746775802108e-05, QSO: 1
DC23jpvwl, 150.364816163777, 3.74283536656575, 2.812757501400555, 0.00010533249522464455, QSO: 2
DC23jqllt, 150.593653533274, 2.80131397587733, 2.58387808221548, 9.913371835625465e-05, QSO: 2
DC23jqmyo, 149.704278236175, 1.53882839970051, 0.363257678648615, 6.60544579802269e-05, GALAXY: 1
DC23jqslg, 148.875134456002, 2.10879121063355, 0.0006453462568832376, 1.4367624020355996e-05, STAR: 3
DC23jqxuj, 150.558624624489, 1.15967905433462, 0.8482539632797418, 2.2324234169168375e-05, QSO: 2
DC23jurva, 149.708631508735, 2.33485011455892, 0.174503501302443, 2.9623570965597902e-05, GALAXY: 1
DC23jvovp, 151.014913702691, 1.03327040672367, 0.31523026014766303, 2.730810371433446e-05, GALAXY: 5
DC23jwhoq, 148.883073619287, 1.4926050850665, 0.3234543037711991, 5.395118276055574e-06, GALAXY: 1
DC23jwmer, 149.292177544537, 1.49706358538049, 0.374630770344876, 3.98122029019209e-05, QSO: 1
DC23jwxpm, 149.356125728053, 2.51539728679244, 1.665095908062894, 0.0002533733287659814, QSO: 2
DC23jxjtu, 149.675142592073, 1.9827238460978, 1.3325871699056697, 0.00019238652941341096, QSO: 1
DC23jxvff, 150.872676376022, 2.60071952593453, 0.221285792288814, 4.90010140422266e-06, GALAXY: 1
DC23jzmev, 151.12466627029, 1.92735655249126, 0.334047589207084, 2.31540748840953e-05, GALAXY: 1
DC23kewod, 149.832839180371, 2.38467611619214, 2.247617207481358, 0.00018958178994990817, QSO: 3
DC23kewpz, 150.390717303204, 3.07172962707062, 1.2137874448579102, 0.00023773319847737303, QSO: 1
DC23kgnps, 149.755555843038, 3.83731960195616, 1.6301981119269553, 6.165221521805654e-05, GALAXY: 1
DC23kgofy, 149.941736952065, 2.79544617215707, 1.067161909494947, 3.515654422064528e-05, QSO: 3
DC23kgxip, 150.987703427548, 1.03646315531003, 1.8841398567230623, 0.00019381485046905369, QSO: 2
DC23khdxk, 148.947066950634, 2.35345221041158, 0.152153712606607, 8.30355275592729e-06, GALAXY: 1
DC23khfqh, 149.912440342506, 2.20032207652118, 0.684843246717635, 0.000154517946963213, QSO: 1
DC23kicho, 148.968647644125, 1.17372025458627, 0.00023876427166655907, 4.484183153984873e-06, STAR: 2
DC23kieuz, 149.254942117222, 2.85683438417329, 1.8740309911582873, 0.00012729345230609224, QSO: 1
DC23kjcwk, 149.955840016474, 2.02804957821248, 1.753410283395425, 2.374245595767551e-05, QSO: 5
DC23kjsjk, 149.855755656519, 3.33322195721225, 0.10371369127645899, 1.7373093485604e-05, GALAXY: 1
DC23kpigs, 149.109993128462, 1.52873838907818, 0.294066649293127, 5.6666053799264295e-05, GALAXY: 1
DC23ktdtc, 150.049846947689, 2.78786614347567, 0.132622008748164, 4.33838984677825e-05, GALAXY: 1
DC23ktgnf, 149.203008389034, 2.03871703709745, 0.342085813561126, 3.64144983777206e-05, GALAXY: 1
DC23kyyvz, 150.23495074335, 3.1400584661119, 0.482542521103521, 6.73687807390523e-05, GALAXY: 1
DC24dhfh, 150.801884141779, 2.0005054435769, 1.786687648397742, 8.239370881449094e-05, QSO: 2
DC24ebxc, 149.58661038194, 2.03709915071144, 1.856373744151863, 0.0001032582812820864, QSO: 2
DC24edlw, 150.560144425434, 3.41157042553505, 2.9716688181382813, 0.00016754605561437888, QSO: 3
DC24ikly, 149.947311031647, 3.07629807682722, 0.699141118723158, 4.42479266657189e-05, QSO: 1
DC24itg, 149.369930964711, 3.27690095439098, 0.6489527194248544, 6.033773856086307e-05, QSO: 1
DC24iuhr, 149.302078529983, 1.28392271059834, 2.02145658445513, 0.00121891739693302, QSO: 1
DC24mbo, 150.617261468746, 2.48273223697983, 2.7345910121078747, 0.0001920074406679147, QSO: 4
DC24nicx, 150.093988937436, 3.03445796216904, 2.176672320967743, 0.00017155502371711618, QSO: 3
DC24niec, 149.421277971559, 2.74870347013542, 1.4489999374438403, 0.000189923763047425, QSO: 1
DC24nivx, 151.238053018895, 2.20032753730635, 2.133848868669062, 0.0001347725402204742, QSO: 4
DC24niwi, 150.822474391066, 1.81029559798584, 1.3170698039211817, 0.00010971521171644428, QSO: 2
DC24oroo, 151.45362770736, 1.76556926232651, 1.12414842239321, 0.00017168885033984, QSO: 1
DC24ozgx, 151.087569523036, 1.61316469232528, 1.0394961355870271, 7.840695010159772e-05, QSO: 2
DC24vdhk, 151.033566078747, 2.68846374313206, 0.965408971531494, 6.085322047780293e-05, GALAXY: 1, QSO: 1
DC24wsyc, 151.364480259272, 1.3954588102586, 1.8276141019201888, 9.978183951041922e-05, QSO: 3
DC24xpic, 149.214702250752, 2.78377752660479, 0.833709811540622, 0.00014248233410509004, QSO: 1
