# Melissa Graham, gal_sds.ipynb 
# UTC = Tue, 12 Apr 2022 18:45:19 +0000 
# 
# Columns 
#  0 exposure calendar date 
#  1 filename base 
#  2 exposure identifier 
#  3 modified julian date 
#  4 filter 
#  5 mean limiting magnitude (over all subtractions) 
#  6 mean seeing (over all subtractions) 
#  7 mean sky background (over all subtractions) 
#  8 total number of objects 
#  9 total number of objects with R/B>0.6 
# 
 210322   c4d_210322_091333_ori   7931 59295.38441007 g 22.716 1.323   18.533   1708   1162 
 210322   c4d_210322_091538_ori   7932 59295.38586004 r 22.100 1.010   25.731   4572   1323 
 210322   c4d_210322_091657_ori   7933 59295.38677547 i 21.711 0.903   23.711   9802   2893 
 210322   c4d_210322_091756_ori   7934 59295.38745621 z 21.008 0.970   32.488   2720   1397 
 210322   c4d_210322_091856_ori   8874 59295.38814865 g 22.857 1.247   17.316   1782   1327 
 210322   c4d_210322_092102_ori   8875 59295.38961152 r 21.851 1.132   29.547   4514   1402 
 210322   c4d_210322_092222_ori   8876 59295.39054105 i 21.337 1.064   28.689   4431   1655 
 210322   c4d_210322_092321_ori   7953 59295.39121938 z 20.888 1.030   34.274   2008   1119 
 210322   c4d_210322_092421_ori   7954 59295.39191044 g 22.896 1.228   16.982   2074   1484 
 210322   c4d_210322_092625_ori   7955 59295.39334837 r 21.990 1.079   27.382   5128   1620 
 210322   c4d_210322_092744_ori   7956 59295.39426669 i 21.307 1.084   29.125   4379   1397 
 210322   c4d_210322_092842_ori   7957 59295.39494034 z 20.987 0.973   32.850   2228   1239 
 210322   c4d_210322_093149_ori   7958 59295.39710371 g 22.621 1.381   19.473   1768   1191 
 210322   c4d_210322_093354_ori   7959 59295.39854492 r 21.718 1.185   31.534   3596   1177 
 210322   c4d_210322_093513_ori   7960 59295.39945812 i 21.223 1.120   30.221   3009   1057 
 210322   c4d_210322_093611_ori   7961 59295.40013739 z 20.654 1.215   37.586   2581   1196 
 210322   c4d_210322_093710_ori   7962 59295.40081898 g 22.717 1.300   18.692   1565   1067 
 210322   c4d_210322_093916_ori   7963 59295.40227775 r 21.872 1.122   29.224   5481   1353 
 210322   c4d_210322_094036_ori   7964 59295.40319554 i 21.196 1.133   30.702   3196   1198 
 210322   c4d_210322_094133_ori   7965 59295.40386431 z 20.875 1.036   34.466   1977   1130 
 210322   c4d_210322_094232_ori   7966 59295.40453858 g 22.525 1.394   20.695   1821   1025 
 210322   c4d_210322_094436_ori   7967 59295.40597389 r 21.475 1.321   35.619   5800   1553 
 210322   c4d_210322_094556_ori   7968 59295.40689849 i 20.932 1.281   34.598   5168   1200 
 210322   c4d_210322_094656_ori   7969 59295.40759458 z 20.774 1.084   36.003   1915    936 
 210324   c4d_210324_083410_ori   7970 59297.35706059 g 23.096 1.096   15.048   1581   1102 
 210324   c4d_210324_083613_ori   7971 59297.35849520 r 22.171 0.976   24.555   2941    910 
 210324   c4d_210324_083733_ori   7972 59297.35940992 i 21.537 0.960   25.922   4189   1574 
 210324   c4d_210324_083832_ori   7973 59297.36010305 z 21.201 0.839   29.893   2868   1529 
 210324   c4d_210324_083932_ori   7974 59297.36078902 g 22.789 1.300   17.624   1922   1167 
 210324   c4d_210324_084137_ori   7975 59297.36223927 r 21.959 1.073   27.646   5311   1093 
 210324   c4d_210324_084256_ori   7976 59297.36315395 i 21.491 0.995   26.518   4413   1449 
 210324   c4d_210324_084355_ori   7977 59297.36383153 z 21.085 0.916   31.437   2777   1417 
 210324   c4d_210324_084454_ori   7978 59297.36451677 g 23.152 1.093   14.665   2138   1248 
 210324   c4d_210324_084700_ori   7979 59297.36597271 r 22.230 0.952   23.817   3399   1013 
 210324   c4d_210324_084817_ori   7980 59297.36687090 i 21.666 0.904   24.260   7683   2555 
 210324   c4d_210324_084916_ori   7981 59297.36755245 z 21.166 0.882   30.284   3373   1711 
 210324   c4d_210324_085015_ori   7982 59297.36822937 g 23.211 1.055   14.209   1836   1387 
 210324   c4d_210324_085219_ori   7983 59297.36966830 r 22.006 1.060   26.968   3956   1240 
 210324   c4d_210324_085338_ori   7984 59297.37058947 i 21.558 0.964   25.546   6310   2126 
 210324   c4d_210324_085438_ori   7985 59297.37127933 z 21.092 0.924   31.239   3260   1471 
 210324   c4d_210324_085536_ori   7986 59297.37195136 g 23.134 1.086   14.810   1682   1220 
 210324   c4d_210324_085741_ori   7987 59297.37339180 r 22.221 0.955   23.989   3054   1010 
 210324   c4d_210324_085859_ori   7988 59297.37430350 i 21.711 0.865   23.718   6839   2438 
 210324   c4d_210324_085958_ori   7989 59297.37498176 z 21.058 0.921   31.711   2297   1291 
 210324   c4d_210324_090057_ori   7990 59297.37566906 g 23.023 1.143   15.703   1538   1154 
 210324   c4d_210324_090301_ori   7991 59297.37710492 r 22.053 1.027   26.359   3187   1005 
 210324   c4d_210324_090422_ori   7992 59297.37804110 i 21.507 0.980   26.309   4678   1584 
 210324   c4d_210324_090521_ori   7993 59297.37872181 z 21.107 0.905   31.024   3310   1679 
 210324   c4d_210324_093640_ori   7994 59297.40046397 g 23.481 0.956   12.454   3774   2561 
 210324   c4d_210324_093844_ori   7995 59297.40190706 r 22.636 0.826   18.978  10870   2308 
 210324   c4d_210324_094003_ori   7996 59297.40281286 i 21.939 0.794   21.215   7370   2300 
 210324   c4d_210324_094102_ori   7997 59297.40349798 z 21.299 0.821   28.847   3425   1747 
 210324   c4d_210324_094201_ori   7998 59297.40417878 g 23.407 0.945   13.240   2955   2121 
 210324   c4d_210324_094405_ori   7999 59297.40561535 r 22.596 0.822   19.616   9387   2212 
 210324   c4d_210324_094523_ori   8000 59297.40651950 i 21.961 0.771   21.167   6460   2135 
 210324   c4d_210324_094621_ori   8001 59297.40718828 z 21.465 0.719   27.024   2359   1076 
 210324   c4d_210324_094719_ori   8002 59297.40787003 g 23.260 0.978   14.844   3057   2208 
 210324   c4d_210324_094924_ori   8003 59297.40930635 r 22.519 0.838   20.745   8332   2270 
 210324   c4d_210324_095042_ori   8004 59297.41021593 i 20.637 2.754   32.792      1      0 
 210324   c4d_210324_095141_ori   8005 59297.41089538 z 21.335 0.778   28.872   3034   1496 
 210328   c4d_210328_071918_ori   8877 59301.30507931 g 22.115 1.167   32.560   4633   1888 
 210328   c4d_210328_072124_ori   8878 59301.30652956 r 21.678 1.052   33.700   3251   1102 
 210328   c4d_210328_072245_ori   8879 59301.30746632 i 21.236 0.981   30.962   1472    547 
 210328   c4d_210328_072345_ori   8880 59301.30816217 z 20.934 0.889   34.459   2018   1022 
 210328   c4d_210328_072445_ori   8881 59301.30886015 g 22.189 1.112   31.781   4255   1854 
 210328   c4d_210328_072652_ori   8882 59301.31032547 r 21.807 0.988   31.924   3268    846 
 210328   c4d_210328_072811_ori   8883 59301.31124994 i 21.506 0.851   27.526   4295   1891 
 210328   c4d_210328_072910_ori   8884 59301.31193208 z 21.000 0.896   33.707   2365   1182 
 210328   c4d_210328_073009_ori   8885 59301.31261263 g 22.031 1.241   33.069   4085   1316 
 210328   c4d_210328_073215_ori   8886 59301.31406910 r 21.625 1.091   34.731   3792   1222 
 210328   c4d_210328_073334_ori   8887 59301.31498799 i 21.109 1.065   32.653   2015    708 
 210328   c4d_210328_073434_ori   8888 59301.31567626 z 20.017 2.262   43.547    717    190 
 210328   c4d_210328_084759_ori   8889 59301.36665855 g 22.354 1.110   28.780   3501   2089 
 210328   c4d_210328_085003_ori   8890 59301.36810029 r 21.837 1.022   31.367   3505   1300 
 210328   c4d_210328_085122_ori   8891 59301.36901076 i 21.382 0.960   28.926   2208   1078 
 210328   c4d_210328_085221_ori   8892 59301.36969512 z 20.940 0.933   34.504   1869    996 
 210328   c4d_210328_085320_ori   8893 59301.37037301 g 22.337 1.130   28.797   3491   2069 
 210328   c4d_210328_085525_ori   8894 59301.37182365 r 21.856 1.011   31.199   3811   1316 
 210328   c4d_210328_085643_ori   8895 59301.37272961 i 20.626 2.285   36.706      0      0 
 210328   c4d_210328_085743_ori   8896 59301.37341882 z 20.877 1.019   35.488   2251   1141 
 210328   c4d_210328_085841_ori   8897 59301.37409096 g 22.324 1.152   28.772   3222   1919 
 210328   c4d_210328_090046_ori   8898 59301.37553302 r 21.728 1.079   33.023   3239   1320 
 210328   c4d_210328_090204_ori   8899 59301.37644538 i 21.326 1.009   29.738   2758   1393 
 210328   c4d_210328_090302_ori   8900 59301.37711393 z 20.683 1.154   37.635  13259   2388 
 210331   c4d_210331_084929_ori   8006 59304.36769790 g 22.336 1.160   28.579   3379   2255 
 210331   c4d_210331_085133_ori   8007 59304.36914100 r 21.902 0.995   30.567   3498   1793 
 210331   c4d_210331_085253_ori   8008 59304.37006234 i 20.580 2.240   35.657    257     83 
 210331   c4d_210331_085352_ori   8009 59304.37074304 z 20.974 0.966   33.243   2461   1383 
 210331   c4d_210331_085449_ori   8010 59304.37141087 g 22.421 1.109   27.759   3463   2350 
 210331   c4d_210331_085654_ori   8011 59304.37285460 r 21.778 1.075   32.373   3586   1500 
 210331   c4d_210331_085813_ori   8012 59304.37376885 i 21.377 0.990   28.861   3316   1818 
 210331   c4d_210331_085911_ori   8013 59304.37443698 z 20.994 0.957   32.982   2653   1562 
 210331   c4d_210331_090009_ori   8014 59304.37510640 g 22.403 1.104   27.857   3154   2180 
 210331   c4d_210331_090213_ori   8015 59304.37654289 r 21.848 1.022   31.337   2709   1532 
 210331   c4d_210331_090331_ori   8016 59304.37744894 i 21.379 0.978   28.916   2684   1582 
 210331   c4d_210331_090429_ori   8017 59304.37812479 z 21.054 0.911   32.239   2465   1543 
 210331   c4d_210331_090606_ori   8018 59304.37924296 g 22.378 1.127   28.059   3211   2241 
 210331   c4d_210331_090810_ori   8019 59304.38067617 r 21.861 1.019   31.122   3125   1689 
 210331   c4d_210331_090928_ori   8020 59304.38157628 i 21.307 1.018   29.876   2701   1466 
 210331   c4d_210331_091026_ori   8021 59304.38225419 z 21.015 0.939   32.778   2428   1402 
 210331   c4d_210331_091126_ori   8022 59304.38294008 g 22.481 1.062   27.061   3525   2373 
 210331   c4d_210331_091330_ori   8023 59304.38437920 r 21.717 1.083   33.219  18648   6554 
 210331   c4d_210331_091448_ori   8024 59304.38528482 i 21.603 0.870   25.991   5485   2647 
 210331   c4d_210331_091547_ori   8025 59304.38596849 z 20.670 1.197   36.267    175     50 
 210331   c4d_210331_091646_ori   8026 59304.38664634 g 22.385 1.136   27.929   3245   2131 
 210331   c4d_210331_091850_ori   8027 59304.38808794 r 21.874 1.038   30.866   3760   1795 
 210331   c4d_210331_092009_ori   8028 59304.38900283 i 21.419 0.953   28.409   2419   1336 
 210331   c4d_210331_092109_ori   8029 59304.38968996 z 20.894 1.031   34.548   3509   1389 
 210406   c4d_210406_084102_ori   8030 59310.36182972 g 22.855 1.190   17.724   1684   1262 
 210406   c4d_210406_084307_ori   8031 59310.36328069 r 21.891 1.124   28.878   4336   1619 
 210406   c4d_210406_084426_ori   8032 59310.36420114 i 21.336 1.039   29.010   2990   1935 
 210406   c4d_210406_084525_ori   8033 59310.36488069 z 20.726 1.093   36.628   3192   1035 
 210406   c4d_210406_084624_ori   8034 59310.36556582 g 22.885 1.173   17.474   1532   1221 
 210406   c4d_210406_084830_ori   8035 59310.36702223 r 22.144 1.000   25.328   4152   1879 
 210406   c4d_210406_084948_ori   8036 59310.36792446 i 21.463 0.959   27.294   2389   1516 
 210406   c4d_210406_085047_ori   8037 59310.36860120 z 20.376 1.469   41.237  11179   2292 
 210406   c4d_210406_085145_ori   8038 59310.36927641 g 22.658 1.286   19.458   1296    906 
 210406   c4d_210406_085349_ori   8039 59310.37071498 r 21.520 1.275   34.737   4224   1187 
 210406   c4d_210406_085509_ori   8040 59310.37163386 i 20.702 1.368   37.595   3891    810 
 210406   c4d_210406_085607_ori   8041 59310.37230343 z 20.845 1.022   35.046   1510   1033 
 210406   c4d_210406_085742_ori   8042 59310.37340598 g 22.709 1.247   19.024   1177    842 
 210406   c4d_210406_085947_ori   9977 59310.37485927 r    nan   nan      nan      0      0 
 210406   c4d_210406_090106_ori   8044 59310.37576590 i 21.269 1.050   29.952   2419   1168 
 210406   c4d_210406_090203_ori   8045 59310.37643423 z 20.830 1.026   35.274   1448    941 
 210406   c4d_210406_090303_ori   8046 59310.37712498 g 22.535 1.311   20.510   1399    539 
 210406   c4d_210406_090508_ori   8047 59310.37856953 r 21.408 1.344   36.518   6727   1455 
 210406   c4d_210406_090629_ori   8048 59310.37950281 i 21.267 1.068   30.034   2364   1214 
 210406   c4d_210406_090729_ori   8049 59310.38020144 z 21.026 0.913   32.482   1858   1227 
 210406   c4d_210406_090828_ori   8050 59310.38088169 g 22.457 1.391   21.233   2889    809 
 210406   c4d_210406_091033_ori   8051 59310.38233127 r 21.601 1.175   33.419   2153    627 
 210406   c4d_210406_091151_ori   8052 59310.38323831 i 21.245 1.063   30.304   2518   1169 
 210406   c4d_210406_091251_ori   8053 59310.38392772 z 20.901 1.003   34.306   1925   1117 
 210409   c4d_210409_084654_ori   8054 59313.36590838 g 23.375 1.001   13.217   2601   1897 
 210409   c4d_210409_084900_ori   8055 59313.36736230 r 22.459 0.898   21.071   9538   2230 
 210409   c4d_210409_085018_ori   8056 59313.36827254 i 21.641 0.909   24.730   6215   2276 
 210409   c4d_210409_085117_ori   8057 59313.36895262 z 21.182 0.873   30.510   3502   1781 
 210409   c4d_210409_085217_ori   9978 59313.36964325 g    nan   nan      nan      0      0 
 210409   c4d_210409_085421_ori   8059 59313.37108446 r 22.345 0.923   22.558   3992   1266 
 210409   c4d_210409_085540_ori   8060 59313.37200115 i 21.914 0.813   21.416   7573   2316 
 210409   c4d_210409_085639_ori   8061 59313.37268271 z 21.367 0.796   28.051   3478   1576 
 210409   c4d_210409_085738_ori   8062 59313.37335824 g 23.052 1.281   15.511    832    355 
 210409   c4d_210409_085942_ori   8063 59313.37479570 r 22.166 1.107   24.829   8667   2129 
 210409   c4d_210409_090100_ori   8064 59313.37569780 i 21.486 1.201   26.416   8390    914 
 210409   c4d_210409_090158_ori   8065 59313.37636598 z 21.183 0.900   30.550   4059   1806 
 210409   c4d_210409_090335_ori   8066 59313.37749362 g 23.166 1.078   14.835   1624   1239 
 210409   c4d_210409_090539_ori   8067 59313.37893162 r 22.387 0.902   22.044   4635   1473 
 210409   c4d_210409_090657_ori   8068 59313.37983084 i 21.751 0.878   23.315   7448   2586 
 210409   c4d_210409_090755_ori   8069 59313.38050420 z 21.298 0.833   29.048   3442   1699 
 210409   c4d_210409_090855_ori   8070 59313.38119811 g 23.337 1.013   13.536   2339   1738 
 210409   c4d_210409_091100_ori   8071 59313.38264789 r 22.268 0.954   23.613   4513   1460 
 210409   c4d_210409_091219_ori   8072 59313.38355471 i 21.583 0.947   25.465   4526   1847 
 210409   c4d_210409_091318_ori   8073 59313.38423625 z 21.143 0.897   31.147   3470   1615 
 210409   c4d_210409_091417_ori   8074 59313.38492377 g 23.270 1.046   13.997   2238   1651 
 210409   c4d_210409_091621_ori   8075 59313.38635808 r 22.142 0.997   25.264   4233   1342 
 210409   c4d_210409_091739_ori   8076 59313.38726686 i 21.428 1.012   27.503   4627   1606 
 210409   c4d_210409_091839_ori   8077 59313.38795898 z 21.065 0.940   32.404   2564   1304 
 210412   c4d_210412_072938_ori   8078 59316.31225572 g 22.627 1.302   18.950   1315    361 
 210412   c4d_210412_073144_ori   8079 59316.31370766 r 21.625 1.140   32.581    409     80 
 210412   c4d_210412_073303_ori   8080 59316.31462813 i 21.211 1.034   30.221    195     55 
 210412   c4d_210412_073404_ori   8081 59316.31532519 z 20.824 0.978   35.614    122     56 
 210412   c4d_210412_073503_ori   8082 59316.31600750 g 22.692 1.249   18.391    827    225 
 210412   c4d_210412_073708_ori   8083 59316.31745885 r 21.726 1.066   31.078     68      5 
 210412   c4d_210412_073827_ori   8084 59316.31837040 i 21.275 0.971   29.407    753     41 
 210412   c4d_210412_073925_ori   8085 59316.31904751 z 20.900 0.923   34.552    360    161 
 210412   c4d_210412_074025_ori   8086 59316.31973589 g 22.793 1.155   17.552    237     70 
 210412   c4d_210412_074231_ori   8087 59316.32119890 r 21.615 1.132   32.828    106     35 
 210412   c4d_210412_074349_ori   8088 59316.32210195 i 21.199 1.013   30.434     40     14 
 210412   c4d_210412_074449_ori   8089 59316.32279169 z 20.728 1.030   37.088   1106    149 
 210412   c4d_210412_085903_ori   8090 59316.37434855 g 22.897 1.173   16.924    638    358 
 210412   c4d_210412_090107_ori   8091 59316.37578010 r 21.902 1.051   28.770   1285    292 
 210412   c4d_210412_090227_ori   8092 59316.37671086 i 21.246 1.039   29.988    667    213 
 210412   c4d_210412_090326_ori   8093 59316.37739454 z 21.040 0.893   32.842   1462    831 
 210412   c4d_210412_090425_ori   8094 59316.37807469 g 22.955 1.130   16.450    428    232 
 210412   c4d_210412_090630_ori   8095 59316.37952519 r 21.994 0.994   27.339    648    163 
 210412   c4d_210412_090751_ori   8096 59316.38045188 i 21.398 0.968   27.847    209     75 
 210412   c4d_210412_090850_ori   8097 59316.38113463 z 20.978 0.928   33.702   1148    393 
 210412   c4d_210412_090948_ori   8098 59316.38180900 g 22.866 1.199   17.197    724    384 
 210412   c4d_210412_091152_ori   8099 59316.38324633 r 21.878 1.054   29.036   1200    295 
 210412   c4d_210412_091312_ori   8100 59316.38417023 i 21.331 1.024   28.800   1004    368 
 210412   c4d_210412_091411_ori   8101 59316.38485409 z 20.923 0.983   34.492    717    340 
 210412   c4d_210412_094610_ori   8102 59316.40707165 g 22.739 1.255   18.317   1039    410 
 210412   c4d_210412_094815_ori   8103 59316.40851262 r 21.670 1.157   32.254   1962    498 
 210412   c4d_210412_094934_ori   8104 59316.40943025 i 21.041 1.184   32.837   1706    456 
 210412   c4d_210412_095034_ori   8105 59316.41012199 z 20.827 1.002   35.952    603    310 
 210412   c4d_210412_095134_ori   8106 59316.41081237 g 22.705 1.270   18.747   1176    491 
 210412   c4d_210412_095338_ori   8107 59316.41225593 r 21.613 1.215   33.160   4161   1003 
 210412   c4d_210412_095457_ori   8108 59316.41316740 i 21.150 1.119   31.438   1492    431 
 210412   c4d_210412_095556_ori   8109 59316.41385325 z 20.755 1.066   37.164   1240    526 
 210415   c4d_210415_083246_ori   8901 59319.35609347 g 23.098 1.074   15.268   1101     66 
 210415   c4d_210415_083451_ori   8902 59319.35754026 r 22.524 0.874   20.246   7291   1324 
 210415   c4d_210415_083610_ori   8903 59319.35845394 i 22.021 0.799   20.128   3630   1301 
 210415   c4d_210415_083708_ori   8904 59319.35912586 z 21.574 0.746   25.232   2091    947 
 210415   c4d_210415_083806_ori   8905 59319.35979625 g 23.801 0.843   10.444    591    334 
 210415   c4d_210415_084010_ori   8906 59319.36123799 r 22.768 0.809   17.591   5679   1000 
 210415   c4d_210415_084129_ori   8907 59319.36214462 i 21.910 0.830   21.382   3270   1188 
 210415   c4d_210415_084227_ori   8908 59319.36281952 z 21.454 0.779   26.791   1933   1004 
 210415   c4d_210415_084326_ori   8909 59319.36349901 g 23.672 0.916   11.124    505    318 
 210415   c4d_210415_084530_ori   8910 59319.36493177 r 22.695 0.830   18.310   7354   1293 
 210415   c4d_210415_084649_ori   8911 59319.36584831 i 22.028 0.790   20.062   3032   1009 
 210415   c4d_210415_084747_ori   8912 59319.36652313 z 21.473 0.778   26.502   1782    937 
 210415   c4d_210415_084923_ori   8913 59319.36763367 g 23.758 0.851   10.674    408    273 
 210415   c4d_210415_085128_ori   8914 59319.36907789 r 22.753 0.795   17.756   3758    661 
 210415   c4d_210415_085247_ori   8915 59319.36999615 i 21.981 0.811   20.533   3236    967 
 210415   c4d_210415_085346_ori   8916 59319.37068166 z 21.469 0.788   26.475   1619    704 
 210415   c4d_210415_085445_ori   8917 59319.37135474 g 23.637 0.936   11.320    453    287 
 210415   c4d_210415_085649_ori   8918 59319.37279784 r 22.657 0.840   18.801   5975   1282 
 210415   c4d_210415_085808_ori   8919 59319.37371176 i 21.997 0.813   20.235   3565   1049 
 210415   c4d_210415_085908_ori   8920 59319.37439881 z 21.608 0.720   24.809   1120    497 
 210415   c4d_210415_090007_ori   8921 59319.37508315 g 23.617 0.891   11.542    646    371 
 210415   c4d_210415_090212_ori   9979 59319.37653338 r    nan   nan      nan      0      0 
 210415   c4d_210415_090332_ori   8923 59319.37745465 i 21.765 0.867   23.045   3415   1062 
 210415   c4d_210415_090431_ori   8924 59319.37814570 z 21.198 0.863   30.210   1345    749 
 210415   c4d_210415_100121_ori   8925 59319.41761508 i 21.381 1.002   28.380    657    187 
 210415   c4d_210415_100220_ori   8926 59319.41829733 z 20.957 0.973   34.083    302    125 
 210415   c4d_210415_100320_ori   8927 59319.41899033 i 21.143 1.104   31.656    818    215 
 210415   c4d_210415_100419_ori   8928 59319.41967477 z 20.940 0.969   34.448    500    154 
 210415   c4d_210415_100519_ori   8929 59319.42036779 i 21.542 0.938   26.364   1712    510 
 210415   c4d_210415_100618_ori   8930 59319.42104790 i 21.713 0.862   24.317   3361   1127 
 210415   c4d_210415_100718_ori   8931 59319.42174283 z 21.209 0.832   30.748   1105    375 
 210415   c4d_210415_100818_ori   8932 59319.42243927 z 21.090 0.895   32.362    956    395 
 210415   c4d_210415_100916_ori   8933 59319.42310763 i 21.358 0.993   29.432   1506    494 
 210415   c4d_210415_101014_ori   8934 59319.42377872 z 21.198 0.848   30.994   1185    470 
 210415   c4d_210415_101113_ori   8935 59319.42446337 i 21.399 0.952   29.384   2812    640 
 210415   c4d_210415_101211_ori   8936 59319.42513805 z 21.069 0.913   33.181   1056    405 
 210415   c4d_210415_101311_ori   8937 59319.42582391 i 21.466 0.877   29.556   2900   1029 
 210415   c4d_210415_101411_ori   8938 59319.42651991 z 21.125 0.842   32.960   1081    416 
 210415   c4d_210415_101510_ori   8939 59319.42721027 z 20.950 0.941   35.739    803    365 
 210415   c4d_210415_101609_ori   8940 59319.42788365 z 20.954 0.899   35.790    882    292 
 210418   c4d_210418_083957_ori   8110 59322.36108742 g 23.050 1.097   15.503    592    453 
 210418   c4d_210418_084203_ori   8111 59322.36253717 r 21.825 1.099   29.545   2564    673 
 210418   c4d_210418_084321_ori   8112 59322.36344622 i 21.529 0.943   25.832   1712    724 
 210418   c4d_210418_084420_ori   8113 59322.36412198 z 21.124 0.892   30.722   2830   1211 
 210418   c4d_210418_084519_ori   8114 59322.36480751 g 22.937 1.159   16.440    717    427 
 210418   c4d_210418_084724_ori   8115 59322.36625843 r 22.046 1.010   26.342   2359    536 
 210418   c4d_210418_084842_ori   8116 59322.36715965 i 21.044 1.188   32.460   1829    478 
 210418   c4d_210418_084941_ori   8117 59322.36784379 z 20.976 0.966   32.863   1431    723 
 210418   c4d_210418_085041_ori   8118 59322.36853593 g 23.048 1.110   15.553    653    478 
 210418   c4d_210418_085247_ori   8119 59322.36998867 r 21.928 1.069   28.058   3182    836 
 210418   c4d_210418_085407_ori   8120 59322.37092282 i 21.385 1.007   27.666   3777   1233 
 210418   c4d_210418_085507_ori   8121 59322.37161325 z 20.903 1.010   33.990   1817    947 
 210418   c4d_210418_085647_ori   8122 59322.37276959 g 23.021 1.114   15.753    632    441 
 210418   c4d_210418_085851_ori   8123 59322.37421207 r 22.035 1.004   26.548   2111    548 
 210418   c4d_210418_090009_ori   8124 59322.37511151 i 21.537 0.933   25.745   2332    893 
 210418   c4d_210418_090107_ori   8125 59322.37578609 z 20.861 1.031   34.646   1592    847 
 210418   c4d_210418_090208_ori   8126 59322.37648303 g 22.752 1.244   18.011    809    387 
 210418   c4d_210418_090414_ori   9980 59322.37794792 r    nan   nan      nan      0      0 
 210418   c4d_210418_090535_ori   8128 59322.37888494 i 21.337 1.040   28.406   3316   1209 
 210418   c4d_210418_090635_ori   8129 59322.37957216 z 21.059 0.928   31.764   2398   1030 
 210418   c4d_210418_090734_ori   8130 59322.38025735 g 23.163 1.049   14.659    676    463 
 210418   c4d_210418_090939_ori   8131 59322.38170803 r 22.235 0.941   23.792   2373    629 
 210418   c4d_210418_091059_ori   8132 59322.38262921 i 21.639 0.909   24.517   5899   1884 
 210418   c4d_210418_091157_ori   8133 59322.38330089 z 21.058 0.927   31.768   2959   1323 
 210425   c4d_210425_085637_ori   8134 59329.37265569 g 22.978 1.036   17.848   1942   1486 
 210425   c4d_210425_085845_ori   8135 59329.37413318 r 22.058 1.007   27.024   3942   1317 
 210425   c4d_210425_090008_ori   8136 59329.37509988 i 21.599 0.893   25.990   6878   2738 
 210425   c4d_210425_090112_ori   8137 59329.37583435 z 21.125 0.847   32.409   2993   1765 
 210425   c4d_210425_090216_ori   8138 59329.37658201 g 22.902 1.106   18.080   1615   1138 
 210425   c4d_210425_090425_ori   8139 59329.37806715 r 22.043 1.001   27.100   3257   1104 
 210425   c4d_210425_090548_ori   8140 59329.37903017 i 21.575 0.900   26.165   5241   2210 
 210425   c4d_210425_090650_ori   8141 59329.37974738 z 21.113 0.855   32.461   2967   1758 
 210425   c4d_210425_090754_ori   8142 59329.38049035 g 22.969 1.094   17.119   1470   1070 
 210425   c4d_210425_091002_ori   8143 59329.38197320 r 22.014 1.006   27.474   3098   1013 
 210425   c4d_210425_091125_ori   8144 59329.38293301 i 21.177 1.083   31.640   1862    792 
 210425   c4d_210425_091228_ori   8145 59329.38366174 z 20.815 1.024   37.057   2061    898 
 210425   c4d_210425_091415_ori   8146 59329.38490106 g 23.026 1.096   16.227   1250    965 
 210425   c4d_210425_091622_ori   8147 59329.38637270 r 21.969 1.043   28.025   2864   1025 
 210425   c4d_210425_091746_ori   8148 59329.38734467 i 21.314 1.039   29.471   2875   1156 
 210425   c4d_210425_091847_ori   8149 59329.38805106 z 21.080 0.874   32.995   2897   1692 
 210425   c4d_210425_091952_ori   8150 59329.38880115 g 23.091 1.078   15.465   1165    884 
 210425   c4d_210425_092201_ori   8151 59329.39029138 r 21.963 1.034   27.987   2586    795 
 210425   c4d_210425_092324_ori   8152 59329.39125564 i 21.191 1.108   31.164   2504    835 
 210425   c4d_210425_092427_ori   8153 59329.39198398 z 20.857 1.000   36.199   2391    909 
 210425   c4d_210425_092532_ori   8154 59329.39273390 g 23.061 1.122   15.565   1416   1032 
 210425   c4d_210425_092740_ori   8155 59329.39421522 r 22.103 0.976   25.926   2026    628 
 210425   c4d_210425_092904_ori   8156 59329.39518696 i 21.540 0.926   26.357   3935   1652 
 210425   c4d_210425_093005_ori   8157 59329.39590053 z 21.175 0.840   31.651   3019   1647 
 210427   c4d_210427_075314_ori   8158 59331.32863986 g 21.962 1.234   38.462   3461   1878 
 210427   c4d_210427_075519_ori   8159 59331.33008203 r 21.537 1.159   38.224   5245   2069 
 210427   c4d_210427_075637_ori   8160 59331.33098645 i 21.256 1.045   31.851   4470   2240 
 210427   c4d_210427_075735_ori   8161 59331.33165748 z 20.861 1.007   36.792   2614   1682 
 210427   c4d_210427_075833_ori   8162 59331.33233755 g 22.086 1.133   37.268   4004   2236 
 210427   c4d_210427_080038_ori   8163 59331.33377371 r 21.748 1.022   34.806   3906   2157 
 210427   c4d_210427_080156_ori   8164 59331.33468383 i 21.303 0.996   31.236   3538   2005 
 210427   c4d_210427_080255_ori   8165 59331.33536062 z 20.812 1.039   37.510   2371   1511 
 210427   c4d_210427_080354_ori   8166 59331.33604215 g 21.922 1.272   38.653   3506   1774 
 210427   c4d_210427_080558_ori   8167 59331.33748594 r 21.570 1.130   37.665   3016   1685 
 210427   c4d_210427_080717_ori   8168 59331.33839933 i 21.189 1.059   32.899   3978   2008 
 210427   c4d_210427_080816_ori   8169 59331.33908003 z 20.752 1.050   38.540   2068   1279 
 210427   c4d_210427_080952_ori   8170 59331.34018693 g 22.115 1.110   36.793   4075   2322 
 210427   c4d_210427_081156_ori   8171 59331.34162088 r 21.622 1.071   36.825   3507   1689 
 210427   c4d_210427_081314_ori   8172 59331.34252527 i 21.287 0.990   31.395   3290   1997 
 210427   c4d_210427_081412_ori   8173 59331.34319682 z 20.895 0.980   36.208   2432   1545 
 210427   c4d_210427_081509_ori   8174 59331.34386510 g 21.971 1.238   38.081   3484   1916 
 210427   c4d_210427_081714_ori   8175 59331.34531120 r 21.363 1.250   41.020   3463   1597 
 210427   c4d_210427_081833_ori   8176 59331.34622234 i 21.043 1.141   34.937   2623   1580 
 210427   c4d_210427_081932_ori   8177 59331.34690737 z 20.596 1.151   40.837   2382   1272 
 210427   c4d_210427_082031_ori   8178 59331.34758670 g 21.731 1.462   40.060   3451   1381 
 210427   c4d_210427_082235_ori   8179 59331.34902007 r 21.295 1.283   42.070   3725   1562 
 210427   c4d_210427_082353_ori   8180 59331.34992456 i 20.998 1.165   35.554   2614   1304 
 210427   c4d_210427_082451_ori   8181 59331.35060136 z 20.595 1.152   40.892   2361   1255 
 210429   c4d_210429_082355_ori   8182 59333.34994327 r 21.518 0.978   21.680   1822   1182 
 210429   c4d_210429_082447_ori   8183 59333.35055003 i 21.346 0.934   30.927   5544   2403 
 210429   c4d_210429_082544_ori   8184 59333.35121440 z 20.941 0.916   35.101   3777   1704 
 210429   c4d_210429_082642_ori   8185 59333.35187850 r 21.531 0.971   21.182   1611   1046 
 210429   c4d_210429_082735_ori   8186 59333.35249747 i 21.464 0.874   29.187   6638   2783 
 210429   c4d_210429_082832_ori   8187 59333.35315931 z 21.080 0.847   33.048   3343   1818 
 210429   c4d_210429_082930_ori   8188 59333.35382343 r 21.745 0.869   19.479   2275   1445 
 210429   c4d_210429_083024_ori   8189 59333.35444666 i 21.015 1.050   40.056   9236   2792 
 210429   c4d_210429_083121_ori   8190 59333.35510904 z 20.688 1.014   43.061   4508   1715 
 210429   c4d_210429_083220_ori   8191 59333.35579187 r 21.409 0.978   25.352   2659   1394 
 210429   c4d_210429_083313_ori   8192 59333.35640282 i 21.216 0.866   37.568   7261   2684 
 210429   c4d_210429_083410_ori   8193 59333.35706098 z 20.790 0.904   41.754   6490   2237 
 210429   c4d_210429_083506_ori   8194 59333.35771837 r 21.395 0.954   25.546   2815   1454 
 210429   c4d_210429_083558_ori   8195 59333.35831918 i 21.067 0.981   39.646  10397   3274 
 210429   c4d_210429_083656_ori   8196 59333.35898348 z 20.798 0.884   41.701   5576   2161 
 210429   c4d_210429_083831_ori   8197 59333.36008128 r 21.383 0.950   25.673   2276   1339 
 210429   c4d_210429_083924_ori   8198 59333.36069982 i 21.115 0.965   39.018  11367   3437 
 210429   c4d_210429_084021_ori   8199 59333.36135592 z 20.831 0.862   41.357   5407   2041 
 210429   c4d_210429_084120_ori   8200 59333.36203857 r 21.353 0.983   25.951   2236   1292 
 210429   c4d_210429_084213_ori   8201 59333.36265545 i 21.123 0.903   38.963   8268   2912 
 210429   c4d_210429_084310_ori   8202 59333.36331885 z 20.729 0.914   42.885   5620   1956 
 210429   c4d_210429_084408_ori   8203 59333.36398793 r 21.360 0.958   25.909   2297   1335 
 210429   c4d_210429_084500_ori   8204 59333.36458897 i 21.054 0.939   40.122   8320   2700 
 210429   c4d_210429_084558_ori   8205 59333.36525743 z 20.553 1.015   45.590   6084   1680 
 210429   c4d_210429_084654_ori   8206 59333.36591378 r 21.059 1.173   28.500   2568   1087 
 210429   c4d_210429_084748_ori   8207 59333.36653041 i 20.928 1.033   41.831   7570   2307 
 210429   c4d_210429_084845_ori   8208 59333.36719625 z 20.610 1.039   44.697   5583   1808 
 210429   c4d_210429_084942_ori   8209 59333.36785823 r 21.172 1.094   27.578   2049   1149 
 210429   c4d_210429_085034_ori   8210 59333.36845770 i 20.864 1.085   42.836   8734   2560 
 210429   c4d_210429_085131_ori   8211 59333.36912034 z 20.597 1.016   44.841   6659   2076 
 210503   c4d_210503_081608_ori   9982 59337.34454218 g    nan   nan      nan      0      0 
 210503   c4d_210503_081812_ori   9983 59337.34597776 r    nan   nan      nan      0      0 
 210503   c4d_210503_081930_ori   8214 59337.34687562 i 20.349 1.854   40.777  10250   2297 
 210503   c4d_210503_082030_ori   8215 59337.34757059 z 19.966 1.812   45.519  11941   2502 
 210503   c4d_210503_082129_ori   9984 59337.34825294 g    nan   nan      nan      0      0 
 210503   c4d_210503_082333_ori   9985 59337.34968982 r    nan   nan      nan      0      0 
 210503   c4d_210503_082452_ori   9986 59337.35060828 i    nan   nan      nan      0      0 
 210503   c4d_210503_082551_ori   9987 59337.35129231 z    nan   nan      nan      0      0 
 210503   c4d_210503_082649_ori   9988 59337.35196096 g    nan   nan      nan      0      0 
 210503   c4d_210503_082853_ori   9989 59337.35340034 r    nan   nan      nan      0      0 
 210503   c4d_210503_083011_ori   9990 59337.35429942 i 20.287 1.967   40.981  11175   2580 
 210503   c4d_210503_083110_ori   9991 59337.35497919 z    nan   nan      nan      0      0 
 210503   c4d_210503_083247_ori   9992 59337.35610453 g    nan   nan      nan      0      0 
 210503   c4d_210503_083451_ori   9993 59337.35754614 r    nan   nan      nan      0      0 
 210503   c4d_210503_083610_ori   8226 59337.35845277 i 20.327 1.895   40.768  11301   2548 
 210503   c4d_210503_083707_ori   8227 59337.35911983 z 20.047 1.722   44.880  10882   2508 
 210503   c4d_210503_083805_ori   9994 59337.35979101 g    nan   nan      nan      0      0 
 210503   c4d_210503_084010_ori   9995 59337.36123052 r    nan   nan      nan      0      0 
 210503   c4d_210503_084128_ori   8230 59337.36213141 i 20.272 2.000   40.942  10566   2440 
 210503   c4d_210503_084226_ori   8231 59337.36280499 z 20.055 1.721   44.702  11487   2314 
 210503   c4d_210503_084324_ori   9996 59337.36347780 g    nan   nan      nan      0      0 
 210503   c4d_210503_084528_ori   9997 59337.36491754 r    nan   nan      nan      0      0 
 210503   c4d_210503_084647_ori   9998 59337.36582642 i    nan   nan      nan      0      0 
 210503   c4d_210503_084746_ori   8235 59337.36650757 z 19.913 1.943   45.454  11513   2280 
 210503   c4d_210503_101648_ori   8236 59337.42833840 i 20.271 1.859   43.957  11273   2595 
 210503   c4d_210503_101745_ori   8237 59337.42899673 z 19.914 1.834   47.994  22775   4215 
 210503   c4d_210503_101843_ori   8238 59337.42967209 z 19.912 1.870   48.114  11265   2509 
 210503   c4d_210503_101941_ori   9999 59337.43034360 z    nan   nan      nan      0      0 
 210503   c4d_210503_102039_ori   8240 59337.43100774 z 20.003 1.656   47.819  17840   3218 
 210503   c4d_210503_102136_ori   8241 59337.43167218 z 19.907 1.784   48.570  19511   4378 
 210503   c4d_210503_102234_ori   8242 59337.43234245 z 19.825 1.913   48.918  23279   4475 
 210503   c4d_210503_102332_ori   8243 59337.43301631 z 19.834 1.890   49.309  13108   2373 
 210503   c4d_210503_102431_ori  10000 59337.43369902 z    nan   nan      nan      0      0 
 210503   c4d_210503_102529_ori  10001 59337.43437412 z    nan   nan      nan      0      0 
 210503   c4d_210503_102628_ori   8246 59337.43505009 z 19.862 1.833   50.345  11363   2043 
 210503   c4d_210503_102727_ori  10002 59337.43573199 z    nan   nan      nan      0      0 
 210503   c4d_210503_102824_ori   8248 59337.43638952 z 19.724 1.947   52.239  21680   3785 
 210503   c4d_210503_102920_ori   8249 59337.43704718 z 19.761 1.842   53.546  23428   4279 
 210506   c4d_210506_083320_ori   8250 59340.35648423 g 22.415 1.549   21.296   2533   1096 
 210506   c4d_210506_083524_ori   8251 59340.35791814 r 21.410 1.342   36.433   5896   1362 
 210506   c4d_210506_083642_ori   8252 59340.35882505 i 20.620 1.517   38.650   7839   1479 
 210506   c4d_210506_083739_ori   8253 59340.35949021 z 20.205 1.522   45.669   9272   1826 
 210506   c4d_210506_083836_ori  10003 59340.36014712 g    nan   nan      nan      0      0 
 210506   c4d_210506_084040_ori   8255 59340.36158025 r 21.414 1.360   36.411   6799   1656 
 210506   c4d_210506_084158_ori   8256 59340.36247842 i 20.783 1.378   36.594   4864   1036 
 210506   c4d_210506_084255_ori   8257 59340.36314149 z 20.339 1.360   44.154   6092   1238 
 210506   c4d_210506_084353_ori   8258 59340.36381081 g 22.403 1.554   21.348   2101    995 
 210506   c4d_210506_084556_ori   8259 59340.36523209 r 21.449 1.341   35.860   5553   1470 
 210506   c4d_210506_084713_ori   8260 59340.36613207 i 20.751 1.429   37.147   5928   1202 
 210506   c4d_210506_084810_ori   8261 59340.36679042 z 20.510 1.229   41.920   3950    989 
 210506   c4d_210506_084945_ori   8262 59340.36788213 g 22.497 1.464   20.536   2102   1075 
 210506   c4d_210506_085148_ori   8263 59340.36931223 r 21.638 1.220   32.852   4527   1266 
 210506   c4d_210506_085305_ori   8264 59340.37020432 i 20.985 1.240   33.978   2678    825 
 210506   c4d_210506_085404_ori   8265 59340.37088033 z 20.593 1.180   40.673   2989    923 
 210506   c4d_210506_085500_ori   8266 59340.37153621 g 22.329 1.606   21.947   2269    913 
 210506   c4d_210506_085704_ori   8267 59340.37296482 r 21.211 1.527   39.519   9826   2182 
 210506   c4d_210506_085820_ori   8268 59340.37385292 i 20.603 1.550   39.010   7108   1484 
 210506   c4d_210506_085918_ori   8269 59340.37451461 z 20.413 1.313   43.327   5291   1218 
 210506   c4d_210506_090015_ori  10004 59340.37517857 g    nan   nan      nan      0      0 
 210506   c4d_210506_090218_ori   8271 59340.37659936 r 21.057 1.675   41.600   9955   2106 
 210506   c4d_210506_090335_ori   8272 59340.37749508 i 20.783 1.373   36.778   4447   1040 
 210506   c4d_210506_090432_ori   8273 59340.37815129 z 20.309 1.386   44.747   4532   1165 
 210509   c4d_210509_083128_ori  10005 59343.35518574 g    nan   nan      nan      0      0 
 210509   c4d_210509_083332_ori   8275 59343.35663104 r 17.745 1.609    8.169    133      1 
 210509   c4d_210509_083452_ori  10006 59343.35755590 i    nan   nan      nan      0      0 
 210509   c4d_210509_083552_ori  10007 59343.35825092 z    nan   nan      nan      0      0 
 210509   c4d_210509_083652_ori  10008 59343.35894220 g    nan   nan      nan      0      0 
 210509   c4d_210509_083859_ori  10009 59343.36041616 r    nan   nan      nan      0      0 
 210509   c4d_210509_084018_ori  10010 59343.36132183 i    nan   nan      nan      0      0 
 210509   c4d_210509_084118_ori  10011 59343.36201997 z    nan   nan      nan      0      0 
 210509   c4d_210509_084216_ori  10012 59343.36269169 g    nan   nan      nan      0      0 
 210509   c4d_210509_084421_ori  10013 59343.36413834 r    nan   nan      nan      0      0 
 210509   c4d_210509_084540_ori  10014 59343.36504677 i    nan   nan      nan      0      0 
 210509   c4d_210509_084638_ori  10015 59343.36572651 z    nan   nan      nan      0      0 
 210509   c4d_210509_084815_ori  10016 59343.36684552 g    nan   nan      nan      0      0 
 210509   c4d_210509_085020_ori   8287 59343.36829388 r 16.286 1.416    7.954    149      0 
 210509   c4d_210509_085141_ori  10017 59343.36922932 i    nan   nan      nan      0      0 
 210509   c4d_210509_085241_ori  10018 59343.36992756 z    nan   nan      nan      0      0 
 210509   c4d_210509_085340_ori  10019 59343.37061028 g    nan   nan      nan      0      0 
 210509   c4d_210509_085544_ori  10020 59343.37204670 r    nan   nan      nan      0      0 
 210509   c4d_210509_085701_ori  10021 59343.37293883 i    nan   nan      nan      0      0 
 210509   c4d_210509_085801_ori  10022 59343.37362600 z    nan   nan      nan      0      0 
 210509   c4d_210509_085901_ori  10023 59343.37432392 g    nan   nan      nan      0      0 
 210509   c4d_210509_090108_ori  10024 59343.37579273 r    nan   nan      nan      0      0 
 210509   c4d_210509_090227_ori  10025 59343.37670741 i    nan   nan      nan      0      0 
 210509   c4d_210509_090325_ori  10026 59343.37738248 z    nan   nan      nan      0      0 
 210509   c4d_210509_090501_ori  10027 59343.37848507 g    nan   nan      nan      0      0 
 210509   c4d_210509_090706_ori  10028 59343.37993512 r    nan   nan      nan      0      0 
 210509   c4d_210509_090825_ori  10029 59343.38085231 i    nan   nan      nan      0      0 
 210509   c4d_210509_090926_ori   8301 59343.38155395 z 17.018 1.655   12.321    100      1 
 210509   c4d_210509_091026_ori   8302 59343.38225117 g 17.865 1.696    6.748    246      5 
 210509   c4d_210509_091233_ori  10030 59343.38372151 r    nan   nan      nan      0      0 
 210509   c4d_210509_091353_ori  10031 59343.38464634 i    nan   nan      nan      0      0 
 210509   c4d_210509_091451_ori  10032 59343.38531374 z    nan   nan      nan      0      0 
 210509   c4d_210509_091549_ori  10033 59343.38599062 g    nan   nan      nan      0      0 
 210509   c4d_210509_091755_ori  10034 59343.38744958 r    nan   nan      nan      0      0 
 210509   c4d_210509_091917_ori  10035 59343.38839298 i    nan   nan      nan      0      0 
 210509   c4d_210509_092016_ori  10036 59343.38908169 z    nan   nan      nan      0      0 
 210509   c4d_210509_092151_ori  10037 59343.39018004 g    nan   nan      nan      0      0 
 210509   c4d_210509_092356_ori  10038 59343.39162672 r    nan   nan      nan      0      0 
 210509   c4d_210509_092514_ori  10039 59343.39253254 i    nan   nan      nan      0      0 
 210509   c4d_210509_092612_ori  10040 59343.39320537 z    nan   nan      nan      0      0 
 210509   c4d_210509_092712_ori  10041 59343.39389623 g    nan   nan      nan      0      0 
 210509   c4d_210509_092917_ori  10042 59343.39534494 r    nan   nan      nan      0      0 
 210509   c4d_210509_093038_ori  10043 59343.39628052 i    nan   nan      nan      0      0 
 210509   c4d_210509_093139_ori  10044 59343.39698229 z    nan   nan      nan      0      0 
 210509   c4d_210509_093238_ori  10045 59343.39767027 g    nan   nan      nan      0      0 
 210509   c4d_210509_093444_ori  10046 59343.39913032 r    nan   nan      nan      0      0 
 210509   c4d_210509_093606_ori  10047 59343.40008054 i    nan   nan      nan      0      0 
 210509   c4d_210509_093705_ori   8321 59343.40075849 z 16.263 1.455   12.568    361    248 
 210509   c4d_210509_094707_ori  10048 59343.40772270 g    nan   nan      nan      0      0 
 210509   c4d_210509_094914_ori   8323 59343.40919039 r 18.293 1.661    9.112    130      3 
 210509   c4d_210509_095033_ori  10049 59343.41010856 i    nan   nan      nan      0      0 
 210509   c4d_210509_095134_ori  10050 59343.41081210 z    nan   nan      nan      0      0 
 210509   c4d_210509_095235_ori  10051 59343.41151681 g    nan   nan      nan      0      0 
 210509   c4d_210509_095441_ori  10052 59343.41298062 r    nan   nan      nan      0      0 
 210509   c4d_210509_095559_ori   8328 59343.41388813 i 18.819 1.700   10.615    157     30 
 210509   c4d_210509_095659_ori   8329 59343.41458258 z 18.072 1.322   13.861    246    115 
 210509   c4d_210509_095757_ori  10053 59343.41524938 g    nan   nan      nan      0      0 
 210509   c4d_210509_100004_ori  10054 59343.41671499 r    nan   nan      nan      0      0 
 210509   c4d_210509_100124_ori   8332 59343.41764622 i 19.894 1.329   13.403    386    213 
 210509   c4d_210509_100223_ori   8333 59343.41832688 z 19.255 1.426   16.816    463    206 
 210509   c4d_210509_100400_ori  10055 59343.41945457 g    nan   nan      nan      0      0 
 210509   c4d_210509_100604_ori   8335 59343.42088734 r 19.672 1.606   10.970    178     37 
 210509   c4d_210509_100724_ori   8336 59343.42180593 i 18.917 1.620   11.754    138     24 
 210509   c4d_210509_100822_ori   8337 59343.42247745 z 19.732 1.301   18.622   1005    450 
 210509   c4d_210509_100921_ori   8338 59343.42316967 g 20.400 1.527    9.813    280     49 
 210509   c4d_210509_101127_ori   8339 59343.42462826 r 19.717 1.401   11.954    237     59 
 210509   c4d_210509_101247_ori   8340 59343.42555284 i 17.900 1.463   11.841    142     22 
 210509   c4d_210509_101346_ori   8341 59343.42623374 z 17.989 1.272   15.135    205     66 
 210509   c4d_210509_101446_ori  10056 59343.42693012 g    nan   nan      nan      0      0 
 210509   c4d_210509_101651_ori   8343 59343.42837646 r 18.021 1.594   12.681    152      7 
 210509   c4d_210509_101811_ori   8344 59343.42930520 i 17.141 1.458   13.760    108      3 
 210509   c4d_210509_101912_ori   8345 59343.43000468 z 18.218 1.280   15.782    441    238 
 210512   c4d_210512_081608_ori   8346 59346.34453741 g 22.448 1.492   20.723   2724    871 
 210512   c4d_210512_081812_ori   8347 59346.34597846 r 21.415 1.370   36.351   6599   1397 
 210512   c4d_210512_081932_ori   8348 59346.34690664 i 21.037 1.212   33.368   2682    699 
 210512   c4d_210512_082031_ori   8349 59346.34758531 z 20.802 1.047   37.630   1476    619 
 210512   c4d_210512_082130_ori   8350 59346.34826938 g 22.665 1.362   18.864   2153   1027 
 210512   c4d_210512_082335_ori   8351 59346.34971501 r 21.807 1.115   30.105   2465    605 
 210512   c4d_210512_082452_ori   8352 59346.35061110 i 21.348 1.017   28.849   1420    536 
 210512   c4d_210512_082551_ori   8353 59346.35128550 z 20.858 0.997   36.793   1160    540 
 210512   c4d_210512_082649_ori   8354 59346.35196547 g 22.767 1.292   17.940   1428    914 
 210512   c4d_210512_082853_ori   8355 59346.35339584 r 21.738 1.157   31.170   3119    787 
 210512   c4d_210512_083012_ori   8356 59346.35431065 i 21.354 1.014   28.804   1668    613 
 210512   c4d_210512_083110_ori   8357 59346.35498459 z 20.963 0.954   35.090   1281    657 
 210512   c4d_210512_083247_ori   8358 59346.35611074 g 22.700 1.345   18.528   3015   1030 
 210512   c4d_210512_083452_ori   8359 59346.35755206 r 21.546 1.273   34.219   3989   1022 
 210512   c4d_210512_083612_ori   8360 59346.35848228 i 21.264 1.062   30.057   1988    757 
 210512   c4d_210512_083712_ori   8361 59346.35917498 z 20.722 1.101   38.860   2141    857 
 210512   c4d_210512_083812_ori   8362 59346.35986394 g 22.847 1.271   17.189   1648   1119 
 210512   c4d_210512_084016_ori   8363 59346.36130288 r 21.637 1.195   32.726   3137    755 
 210512   c4d_210512_084136_ori   8364 59346.36222896 i 21.340 1.035   29.052   1693    666 
 210512   c4d_210512_084237_ori   8365 59346.36293105 z 21.015 0.919   34.415   1147    662 
 210512   c4d_210512_084336_ori   8366 59346.36361802 g 22.918 1.211   16.575   1389    937 
 210512   c4d_210512_084541_ori   8367 59346.36506336 r 21.939 1.069   28.084   2510    688 
 210512   c4d_210512_084700_ori   8368 59346.36597489 i 21.454 0.968   27.439   1250    595 
 210512   c4d_210512_084759_ori   8369 59346.36666560 z 20.989 0.932   34.769   3478    611 
 210515   c4d_210515_075044_ori   8370 59349.32690783 g 22.461 1.145   12.430   1206    901 
 210515   c4d_210515_075249_ori   8371 59349.32835434 r 21.636 1.074   20.533   2462    959 
 210515   c4d_210515_075407_ori   8372 59349.32925812 i 20.969 1.107   22.709   1737   1014 
 210515   c4d_210515_075507_ori   8373 59349.32994986 z 20.662 0.970   25.236   1546   1006 
 210515   c4d_210515_075606_ori   8374 59349.33063142 g 22.565 1.161   12.840   2756    935 
 210515   c4d_210515_075811_ori   8375 59349.33207491 r 21.628 1.031   18.018   1571   1003 
 210515   c4d_210515_075930_ori   8376 59349.33298810 i 20.903 0.936   16.646   1320    880 
 210515   c4d_210515_080028_ori   8377 59349.33366344 z 20.712 0.909   23.523   1615   1109 
 210515   c4d_210515_080126_ori   8378 59349.33434006 g 22.576 1.196   13.423   2496   1028 
 210515   c4d_210515_080333_ori   8379 59349.33580099 r 21.798 1.102   25.922   2573   1076 
 210515   c4d_210515_080451_ori   8380 59349.33671095 i 21.263 1.034   26.016   2306   1291 
 210515   c4d_210515_080550_ori   8381 59349.33738735 z 20.576 1.110   32.045   1624   1030 
 210515   c4d_210515_080728_ori   8382 59349.33851944 g 22.789 1.119   13.205   1412   1094 
 210515   c4d_210515_080933_ori   8383 59349.33997014 r 21.699 1.048   19.756   1733   1064 
 210515   c4d_210515_081052_ori   8384 59349.34088664 i 21.045 0.965   18.547   1552   1047 
 210515   c4d_210515_081150_ori   8385 59349.34155676 z 19.861 1.091   20.403    678    484 
 210515   c4d_210515_081248_ori   8386 59349.34222907 g 22.012 1.164   10.453    821    564 
 210515   c4d_210515_081452_ori   8387 59349.34366778 r 21.295 0.939   13.406    791    566 
 210515   c4d_210515_081613_ori   8388 59349.34459639 i 20.583 0.899   14.475    807    581 
 210515   c4d_210515_081713_ori   8389 59349.34529875 z 19.476 0.877   17.608    419    251 
 210515   c4d_210515_081814_ori   8390 59349.34600430 g 21.619 1.077    9.354    577    298 
 210515   c4d_210515_082020_ori   8391 59349.34745426 r 21.559 1.043   17.461   1579    909 
 210515   c4d_210515_082139_ori   8392 59349.34837257 i 20.760 1.040   17.466   1171    854 
 210515   c4d_210515_082239_ori   8393 59349.34906795 z 19.025 1.006   18.132    317    176 
 210518   c4d_210518_070703_ori   8394 59352.29656298 g 23.104 1.087   13.811   1834   1489 
 210518   c4d_210518_070906_ori   8395 59352.29799692 r 22.185 0.983   24.171   4384   1421 
 210518   c4d_210518_071025_ori   8396 59352.29890137 i 21.606 0.905   23.834   5575   2771 
 210518   c4d_210518_071123_ori   8397 59352.29957625 z 21.126 0.860   29.787   3100   1869 
 210518   c4d_210518_071222_ori   8398 59352.30025847 g 23.133 1.114   14.178   2284   1412 
 210518   c4d_210518_071426_ori   8399 59352.30169074 r 22.166 0.986   24.323   4137   1374 
 210518   c4d_210518_071545_ori   8400 59352.30260940 i 21.541 0.963   25.139   5983   2706 
 210518   c4d_210518_071644_ori   8401 59352.30329112 z 20.864 1.006   33.882   3708   1473 
 210518   c4d_210518_071742_ori   8402 59352.30396646 g 22.977 1.164   15.985   1113    843 
 210518   c4d_210518_071947_ori   8403 59352.30541393 r 22.167 0.978   24.731   2835    995 
 210518   c4d_210518_072106_ori   8404 59352.30632183 i 21.597 0.933   25.137   6909   2764 
 210518   c4d_210518_072203_ori   8405 59352.30698998 z 21.139 0.867   31.133   3668   1999 
 210518   c4d_210518_072340_ori   8406 59352.30811002 g 23.031 1.142   14.320   1814   1384 
 210518   c4d_210518_072545_ori   8407 59352.30955503 r 22.031 1.031   26.615   2809   1023 
 210518   c4d_210518_072704_ori   8408 59352.31046306 i 21.501 0.960   26.686   3471   1823 
 210518   c4d_210518_072803_ori   8409 59352.31114728 z 21.016 0.938   33.695   2761   1607 
 210518   c4d_210518_072901_ori   8410 59352.31182442 g 23.023 1.135   15.641   1046    848 
 210518   c4d_210518_073105_ori   8411 59352.31325770 r 21.687 1.173   31.917   2572    842 
 210518   c4d_210518_073224_ori   8412 59352.31416889 i 21.181 1.137   31.133   2187   1109 
 210518   c4d_210518_073322_ori   8413 59352.31484699 z 20.857 1.015   36.024   3168   1366 
 210518   c4d_210518_073421_ori   8414 59352.31552674 g 23.080 1.134   15.165   1563   1236 
 210518   c4d_210518_073625_ori   8415 59352.31696476 r 22.032 1.025   26.646   2424    851 
 210518   c4d_210518_073743_ori   8416 59352.31786683 i 21.406 1.022   28.027   4552   2275 
 210518   c4d_210518_073841_ori   8417 59352.31854000 z 21.026 0.912   33.659   2412   1571 
 210518   c4d_210518_074018_ori   8418 59352.31966170 g 23.137 1.077   14.725   1002    838 
 210518   c4d_210518_074223_ori  10057 59352.32110301 r    nan   nan      nan      0      0 
 210518   c4d_210518_074342_ori   8420 59352.32201917 i 21.269 1.082   29.846   2383    933 
 210518   c4d_210518_074442_ori   8421 59352.32271899 z 20.303 2.194   42.214      0      0 
 210518   c4d_210518_074543_ori   8422 59352.32341943 g 22.954 1.214   16.207   1765    976 
 210518   c4d_210518_074748_ori   8423 59352.32486170 r 22.038 1.041   26.585   3254    970 
 210518   c4d_210518_074906_ori   8424 59352.32577122 i 21.302 1.055   29.455   2245   1096 
 210518   c4d_210518_075006_ori   8425 59352.32646197 z 20.678 1.067   38.859   3195   1053 
 210518   c4d_210518_075105_ori   8426 59352.32714592 g 23.282 1.019   13.610   1190    920 
 210518   c4d_210518_075310_ori   8427 59352.32858829 r 21.968 1.075   27.607   3332   1118 
 210518   c4d_210518_075428_ori   8428 59352.32949387 i 21.532 0.947   26.289   3909   1873 
 210518   c4d_210518_075526_ori   8429 59352.33017296 z 21.020 0.926   33.766   2076   1227 
 210518   c4d_210518_075710_ori   8430 59352.33137532 g 23.321 1.019   13.302   1653   1256 
 210518   c4d_210518_075915_ori   8431 59352.33282096 r 22.141 0.993   25.061   2938    863 
 210518   c4d_210518_080034_ori   8432 59352.33373207 i 21.631 0.904   24.986   5972   2454 
 210518   c4d_210518_080132_ori   8433 59352.33439941 z 21.128 0.879   32.086   3495   1852 
 210518   c4d_210518_080231_ori   8434 59352.33508784 g 23.100 1.104   14.968   1284    959 
 210518   c4d_210518_080436_ori   8435 59352.33653272 r 21.803 1.133   29.984   2981    929 
 210518   c4d_210518_080554_ori   8436 59352.33744108 i 20.523 1.908   37.615    191     69 
 210518   c4d_210518_080654_ori   8437 59352.33812561 z 20.822 1.120   36.550   2211   1062 
 210518   c4d_210518_080753_ori   8438 59352.33880870 g 23.376 0.991   12.911   1406   1053 
 210518   c4d_210518_080956_ori   8439 59352.34024255 r 22.372 0.905   21.964   3686    923 
 210518   c4d_210518_081115_ori   8440 59352.34115349 i 21.600 0.954   25.330   5834   2006 
 210518   c4d_210518_081215_ori   8441 59352.34184506 z 21.087 0.882   32.524   2847   1651 
 210522   c4d_210522_063355_ori   8442 59356.27355796 g 23.090 1.032   16.045   1270    978 
 210522   c4d_210522_063600_ori   8443 59356.27500786 r 22.096 0.983   26.071   2306    718 
 210522   c4d_210522_063720_ori   8444 59356.27593022 i 21.541 0.948   26.303   2681   1305 
 210522   c4d_210522_063819_ori   8445 59356.27661455 z 21.041 0.921   33.996   1273    776 
 210522   c4d_210522_063917_ori   8446 59356.27728825 g 22.928 1.140   17.174   1377   1051 
 210522   c4d_210522_064121_ori   8447 59356.27872414 r 21.928 1.080   28.442   3016   1011 
 210522   c4d_210522_064239_ori   8448 59356.27962900 i 21.441 0.989   27.642   2065    903 
 210522   c4d_210522_064339_ori   8449 59356.28032005 z 20.886 1.048   36.217   2144    928 
 210522   c4d_210522_064438_ori   8450 59356.28100215 g 23.099 1.053   15.599   1204    952 
 210522   c4d_210522_064643_ori   8451 59356.28245030 r 22.210 0.963   24.390   2666    769 
 210522   c4d_210522_064802_ori   8452 59356.28336674 i 21.575 0.915   25.799   3563   1549 
 210522   c4d_210522_064900_ori   8453 59356.28403417 z 21.032 0.909   34.081   1436    666 
 210522   c4d_210522_065035_ori   8454 59356.28513435 g 22.784 1.224   18.080   1120    700 
 210522   c4d_210522_065241_ori   8455 59356.28658735 r 21.746 1.170   31.277   4783   1011 
 210522   c4d_210522_065400_ori   8456 59356.28750547 i 21.319 1.043   29.277   1687    745 
 210522   c4d_210522_065500_ori   8457 59356.28819927 z 20.959 0.957   35.190   1342    609 
 210522   c4d_210522_065559_ori   8458 59356.28888787 g 23.011 1.113   16.024    839    655 
 210522   c4d_210522_065804_ori   8459 59356.29033511 r 22.177 0.965   24.754   1964    607 
 210522   c4d_210522_065923_ori   8460 59356.29124265 i 21.786 0.829   23.161   4556   1893 
 210522   c4d_210522_070022_ori   8461 59356.29192602 z 21.142 0.912   32.278   4335   1590 
 210522   c4d_210522_070121_ori   8462 59356.29260703 g 23.274 1.029   13.900   1234    921 
 210522   c4d_210522_070325_ori   8463 59356.29404789 r 22.179 0.949   24.783   1401    431 
 210522   c4d_210522_070443_ori   8464 59356.29494835 i 21.606 0.910   25.460   3584   1443 
 210522   c4d_210522_070542_ori   8465 59356.29562856 z 21.231 0.825   31.209   2518   1399 
 210522   c4d_210522_070719_ori   8466 59356.29675859 g 23.083 1.102   15.303   1397    682 
 210522   c4d_210522_070926_ori   8467 59356.29821807 r 22.011 1.024   27.145   1778    526 
 210522   c4d_210522_071047_ori   8468 59356.29915620 i 21.303 1.050   29.456   1234    533 
 210522   c4d_210522_071147_ori   8469 59356.29985789 z 20.963 0.938   35.222    690    415 
 210522   c4d_210522_071247_ori   8470 59356.30054947 g 23.102 1.063   15.144    504    404 
 210522   c4d_210522_071453_ori   8471 59356.30200423 r 22.101 0.962   25.813    722    260 
 210522   c4d_210522_071611_ori   8472 59356.30290912 i 21.363 0.987   28.651    697    337 
 210522   c4d_210522_071712_ori   8473 59356.30361364 z 21.105 0.870   33.123   2416   1378 
 210522   c4d_210522_071811_ori   8474 59356.30430435 g 23.008 1.140   15.903    869    699 
 210522   c4d_210522_072016_ori   8475 59356.30574455 r 21.717 1.156   31.591   2403    673 
 210522   c4d_210522_072136_ori   8476 59356.30666928 i 21.065 1.172   32.853   1579    622 
 210522   c4d_210522_072235_ori   8477 59356.30735815 z 20.634 1.146   40.309   1901    773 
 210522   c4d_210522_072412_ori   8478 59356.30847453 g 22.522 1.425   20.067   1899    834 
 210522   c4d_210522_072618_ori   8479 59356.30993533 r 21.475 1.288   35.319   3743    943 
 210522   c4d_210522_072737_ori   8480 59356.31084691 i 21.314 1.027   29.335   1086    493 
 210522   c4d_210522_072835_ori   8481 59356.31152530 z 21.027 0.920   34.313   1352    839 
 210522   c4d_210522_072933_ori   8482 59356.31218994 g 22.751 1.308   18.065   1493    913 
 210522   c4d_210522_073137_ori   8483 59356.31363398 r 22.032 1.021   26.803   2164    662 
 210522   c4d_210522_073256_ori   8484 59356.31454664 i 21.429 0.985   27.755   1466    643 
 210522   c4d_210522_073356_ori   8485 59356.31523352 z 21.038 0.924   34.193   1613    768 
 210522   c4d_210522_073456_ori   8486 59356.31593236 g 22.825 1.262   17.421   1358    910 
 210522   c4d_210522_073701_ori   8487 59356.31737324 r 21.958 1.042   27.825   1624    496 
 210522   c4d_210522_073820_ori   8488 59356.31829635 i 20.984 1.224   34.000   2629    723 
 210522   c4d_210522_073919_ori   8489 59356.31897659 z 20.872 1.044   36.737   1852    896 
 210524   c4d_210524_065800_ori   8490 59358.29028462 g 22.859 0.942   22.385   4927   3244 
 210524   c4d_210524_070008_ori   8491 59358.29176854 r 22.398 0.844   23.645   9546   3007 
 210524   c4d_210524_070128_ori   8492 59358.29268775 i 21.637 0.770   29.177   5694   2373 
 210524   c4d_210524_070227_ori   8493 59358.29337654 z 21.214 0.733   34.195   3009   1585 
 210524   c4d_210524_070326_ori   8494 59358.29405276 g 22.922 0.947   21.740   5092   3527 
 210524   c4d_210524_070531_ori   8495 59358.29549865 r 22.230 0.977   25.469  42401   5990 
 210524   c4d_210524_070650_ori   8496 59358.29641670 i 21.767 0.697   27.765   3758   1791 
 210524   c4d_210524_070750_ori   8497 59358.29711016 z 21.276 0.733   33.017   2916   1423 
 210524   c4d_210524_070848_ori   8498 59358.29778585 g 23.015 0.851   21.072   4901   3509 
 210524   c4d_210524_071053_ori   8499 59358.29922657 r 22.562 0.763   21.851   5489   2030 
 210524   c4d_210524_071212_ori   8500 59358.30014513 i 21.727 0.721   28.118   4378   2141 
 210524   c4d_210524_071310_ori   8501 59358.30081993 z 21.286 0.698   33.081   2566   1304 
 210524   c4d_210524_071448_ori   8502 59358.30194912 g 22.934 0.922   21.600   5133   3560 
 210524   c4d_210524_071654_ori   8503 59358.30340930 r 22.425 0.808   23.334   7414   2552 
 210524   c4d_210524_071814_ori  10058 59358.30433208 i    nan   nan      nan      0      0 
 210524   c4d_210524_071913_ori   8505 59358.30501581 z 21.222 0.732   34.185   2959   1564 
 210524   c4d_210524_072012_ori   8506 59358.30569993 g 22.951 0.881   21.481   5096   3429 
 210524   c4d_210524_072217_ori   8507 59358.30714837 r 22.584 0.737   21.702   4282   1476 
 210524   c4d_210524_072336_ori   8508 59358.30806681 i 21.443 0.843   31.612   6455   3010 
 210524   c4d_210524_072436_ori   8509 59358.30875557 z 21.222 0.727   34.002   2880   1503 
 210524   c4d_210524_072535_ori   8510 59358.30943912 g 22.851 0.947   22.179   5072   3130 
 210524   c4d_210524_072740_ori   8511 59358.31088498 r 22.327 0.838   24.577   7573   2825 
 210524   c4d_210524_072859_ori   8512 59358.31179963 i 21.561 0.807   30.100   6493   2693 
 210524   c4d_210524_072958_ori   8513 59358.31248134 z 21.247 0.719   33.847   3029   1518 
 210524   c4d_210524_073136_ori   8514 59358.31361304 g 22.858 0.978   22.037  16127   5433 
 210524   c4d_210524_073339_ori   8515 59358.31504564 r 22.453 0.816   22.980   8089   2763 
 210524   c4d_210524_073459_ori   8516 59358.31596714 i 21.689 0.740   28.628   4756   2242 
 210524   c4d_210524_073558_ori   8517 59358.31664507 z 21.202 0.752   34.523   3233   1591 
 210524   c4d_210524_073656_ori   8518 59358.31732281 g 22.939 0.924   21.350   5531   3587 
 210524   c4d_210524_073901_ori   8519 59358.31877252 r 22.444 0.816   23.117   8257   3162 
 210524   c4d_210524_074021_ori   8520 59358.31968871 i 21.556 0.826   30.105   6194   2899 
 210524   c4d_210524_074119_ori   8521 59358.32036804 z 21.167 0.773   35.117   3517   1852 
 210524   c4d_210524_074218_ori   8522 59358.32104983 g 22.966 0.918   21.084   5114   3587 
 210524   c4d_210524_074423_ori   8523 59358.32249103 r 22.356 0.861   24.108  10730   4003 
 210524   c4d_210524_074543_ori   8524 59358.32341742 i 21.567 0.802   30.059   5511   2681 
 210524   c4d_210524_074641_ori   8525 59358.32409521 z 21.205 0.743   34.451   3085   1677 
 210524   c4d_210524_074819_ori   8526 59358.32522027 g 22.932 0.928   21.275   4986   3576 
 210524   c4d_210524_075024_ori   8527 59358.32667653 r 22.327 0.852   24.542   7425   3308 
 210524   c4d_210524_075145_ori   8528 59358.32760490 i 21.567 0.790   30.118   4672   2567 
 210524   c4d_210524_075244_ori   8529 59358.32829823 z 21.219 0.719   34.126   2798   1509 
 210524   c4d_210524_075343_ori   8530 59358.32898108 g 22.756 1.037   22.678   4772   2806 
 210524   c4d_210524_075549_ori   8531 59358.33043937 r 22.236 0.922   25.589   8047   3283 
 210524   c4d_210524_075709_ori   8532 59358.33136346 i 21.452 0.863   31.522   5341   2989 
 210524   c4d_210524_075809_ori   8533 59358.33205664 z 21.145 0.787   35.559   3484   1930 
 210524   c4d_210524_075907_ori   8534 59358.33273088 g 22.901 0.941   21.385   5128   3495 
 210524   c4d_210524_080112_ori   8535 59358.33416702 r 22.272 0.878   25.105  10253   3648 
 210524   c4d_210524_080230_ori   8536 59358.33507361 i 21.455 0.856   31.394   5349   2878 
 210524   c4d_210524_080328_ori   8537 59358.33574488 z 21.111 0.796   36.015   3338   1849 
 210527   c4d_210527_055410_ori   8538 59361.24594945 g 21.785 1.088   50.853   5737   2234 
 210527   c4d_210527_055613_ori   8539 59361.24737602 r 21.140 1.122   54.831   6900   1881 
 210527   c4d_210527_055730_ori   8540 59361.24827172 i 20.682 0.985   54.231   7376   1896 
 210527   c4d_210527_055829_ori   8541 59361.24894840 z 20.376 0.999   57.629   5308   1648 
 210527   c4d_210527_055928_ori   8542 59361.24963204 g 21.709 1.163   51.163   5697   2019 
 210527   c4d_210527_060131_ori   8543 59361.25106087 r 21.286 1.031   51.835   6596   1880 
 210527   c4d_210527_060250_ori   8544 59361.25196793 i 20.763 0.928   52.724   6531   2042 
 210527   c4d_210527_060349_ori   8545 59361.25265992 z 20.540 0.837   53.893   4255   1553 
 210527   c4d_210527_060449_ori   8546 59361.25335414 g 21.845 1.059   49.379   6055   2254 
 210527   c4d_210527_060653_ori   8547 59361.25478564 r 21.453 0.918   48.731   5045   1754 
 210527   c4d_210527_060811_ori   8548 59361.25569104 i 20.774 0.943   52.476   6111   1880 
 210527   c4d_210527_060911_ori   8549 59361.25638123 z 20.541 0.851   53.838   4678   1652 
 210527   c4d_210527_061049_ori   8550 59361.25752308 g 21.908 1.010   48.553   5755   2324 
 210527   c4d_210527_061255_ori   8551 59361.25897516 r 21.428 0.956   48.908   5330   2000 
 210527   c4d_210527_061414_ori   8552 59361.25988547 i 20.842 0.861   50.813   6879   2218 
 210527   c4d_210527_061513_ori   8553 59361.26056766 z 20.570 0.817   52.835   3864   1420 
 210527   c4d_210527_061611_ori   8554 59361.26124084 g 21.893 1.059   47.640   5952   2419 
 210527   c4d_210527_061816_ori   8555 59361.26268712 r 21.556 0.918   45.325   5912   2078 
 210527   c4d_210527_061934_ori   8556 59361.26359282 i 20.866 0.931   49.022   6434   2217 
 210527   c4d_210527_062034_ori   8557 59361.26428995 z 20.603 0.892   50.937   4769   1828 
 210527   c4d_210527_062134_ori   8558 59361.26498338 g 21.934 1.047   45.598   5971   2440 
 210527   c4d_210527_062339_ori   8559 59361.26642517 r 21.625 0.904   42.393   4785   1915 
 210527   c4d_210527_062458_ori   8560 59361.26733993 i 21.202 0.863   38.058   7196   2952 
 210527   c4d_210527_062556_ori   8561 59361.26801148 z 20.971 0.821   39.070   3806   1956 
 210527   c4d_210527_062734_ori   8562 59361.26914827 g 21.899 1.113   44.559   5494   2283 
 210527   c4d_210527_062940_ori   8563 59361.27060602 r 21.429 1.067   44.097   4834   1888 
 210527   c4d_210527_063058_ori   8564 59361.27151596 i 21.210 0.942   34.947   5229   2366 
 210527   c4d_210527_063157_ori   8565 59361.27219265 z 20.920 0.904   37.819   3187   1797 
 210527   c4d_210527_063255_ori   8566 59361.27286509 g 21.963 1.082   43.003   5345   2214 
 210527   c4d_210527_063501_ori   8567 59361.27431763 r 21.576 1.011   40.902   4787   2016 
 210527   c4d_210527_063620_ori   8568 59361.27524024 i 21.305 0.916   32.965   5791   2708 
 210527   c4d_210527_063719_ori   8569 59361.27592331 z 20.970 0.902   36.591   3176   1826 
 210527   c4d_210527_063818_ori   8570 59361.27660876 g 22.010 1.087   41.588   5412   2353 
 210527   c4d_210527_064023_ori   8571 59361.27804888 r 21.280 1.154   47.622  15513   4066 
 210527   c4d_210527_064141_ori   8572 59361.27895357 i 20.783 0.897   52.662   7363   2311 
 210527   c4d_210527_064240_ori   8573 59361.27963186 z 20.494 0.804   54.407   3687   1402 
 210527   c4d_210527_064416_ori   8574 59361.28074950 g 21.770 1.071   51.256   6055   2138 
 210527   c4d_210527_064621_ori   8575 59361.28219742 r 21.439 0.904   49.811   4775   1741 
 210527   c4d_210527_064739_ori   8576 59361.28310005 i 20.825 0.848   51.850   6753   2154 
 210527   c4d_210527_064838_ori   8577 59361.28377315 z 20.441 0.827   56.173   3659   1283 
 210527   c4d_210527_064938_ori   8578 59361.28447275 g 21.397 1.121   61.635   5345   1706 
 210527   c4d_210527_065143_ori   8579 59361.28592178 r 21.047 0.973   61.353   5801   1656 
 210527   c4d_210527_065303_ori   8580 59361.28684333 i 20.623 0.939   56.099   5832   1565 
 210527   c4d_210527_065402_ori   8581 59361.28753214 z 20.442 0.879   56.274   4473   1633 
 210527   c4d_210527_065501_ori   8582 59361.28821337 g 21.655 1.179   52.605   6104   1898 
 210527   c4d_210527_065705_ori   8583 59361.28964367 r 21.089 1.048   58.152   5938   1836 
 210527   c4d_210527_065823_ori   8584 59361.29055150 i 20.647 0.986   54.845   6024   1690 
 210527   c4d_210527_065923_ori   8585 59361.29123987 z 20.420 0.906   56.832   4658   1478 
 210527   c4d_210527_080302_ori   8586 59361.33544473 g 21.643 1.176   53.096   6674   2090 
 210527   c4d_210527_080508_ori   8587 59361.33690900 r 21.238 1.015   54.027   5575   1845 
 210527   c4d_210527_080627_ori   8588 59361.33782298 i 20.791 0.884   52.042   6878   2279 
 210527   c4d_210527_080726_ori   8589 59361.33850102 z 20.492 0.855   54.624   4320   1604 
 210527   c4d_210527_080825_ori   8590 59361.33918350 g 21.694 1.113   52.749   6850   2151 
 210527   c4d_210527_081031_ori   8591 59361.34064391 r 21.143 1.089   55.574   5667   1744 
 210527   c4d_210527_081150_ori   8592 59361.34156155 i 20.622 1.013   54.808   7697   1981 
 210527   c4d_210527_081249_ori   8593 59361.34223621 z 20.200 1.087   59.474   7533   1566 
 210527   c4d_210527_081348_ori   8594 59361.34291862 g 21.381 1.437   55.423   5724   1512 
 210527   c4d_210527_081553_ori   8595 59361.34436559 r 20.924 1.241   59.540   5627   1434 
 210527   c4d_210527_081711_ori   8596 59361.34527078 i 20.399 1.162   58.302   9995   1916 
 210527   c4d_210527_081809_ori   8597 59361.34594139 z 20.198 1.086   59.376   7507   1651 
 210527   c4d_210527_081945_ori   8598 59361.34705949 g 21.340 1.406   56.762   6325   1472 
 210527   c4d_210527_082151_ori   8599 59361.34851303 r 20.749 1.272   65.130   7776   1594 
 210527   c4d_210527_082309_ori   8600 59361.34942040 i 20.359 1.133   59.442  11122   2056 
 210527   c4d_210527_082408_ori   8601 59361.35009714 z 20.122 1.070   61.267   6324   1489 
 210527   c4d_210527_082507_ori   8602 59361.35077548 g 21.218 1.265   63.776   6252   1599 
 210527   c4d_210527_082711_ori   8603 59361.35221434 r 20.511 1.233   74.725   6024   1313 
 210527   c4d_210527_082829_ori   8604 59361.35311347 i 20.120 1.123   65.460   9975   1592 
 210527   c4d_210527_082927_ori   8605 59361.35379593 z 19.840 1.209   65.989  10546   1589 
 210527   c4d_210527_083027_ori   8606 59361.35448144 g 20.918 1.619   66.129   4161    997 
 210527   c4d_210527_083232_ori   8607 59361.35593222 r 20.583 1.320   70.175   6699   1462 
 210527   c4d_210527_083352_ori   8608 59361.35685930 i 20.315 1.119   61.186   9981   1736 
 210527   c4d_210527_083451_ori   8609 59361.35754433 z 20.055 1.108   62.535   9466   1620 
 210530   c4d_210530_064025_ori   8610 59364.27806954 g 22.021 0.865   31.553   3671   2393 
 210530   c4d_210530_064228_ori   8611 59364.27949464 r 20.361 0.805   43.994   1633    934 
 210530   c4d_210530_064346_ori   8612 59364.28040214 i 20.415 0.764   33.112   1748    837 
 210530   c4d_210530_064444_ori   8613 59364.28107069 z 20.634 0.732   29.688   1756    925 
 210530   c4d_210530_064544_ori   8614 59364.28176158 g 21.598 0.877   34.676   3434   1878 
 210530   c4d_210530_064748_ori   8615 59364.28320447 r 21.888 0.812   28.753   4740   2454 
 210530   c4d_210530_064907_ori   8616 59364.28411267 i 20.700 0.746   30.827   2164   1143 
 210530   c4d_210530_065006_ori   8617 59364.28479324 z 20.377 0.719   31.450   1569    799 
 210530   c4d_210530_065105_ori   8618 59364.28548028 g 21.169 0.818   38.811   2352   1313 
 210530   c4d_210530_065309_ori   8619 59364.28691370 r 19.991 0.806   46.196   1386    782 
 210530   c4d_210530_065427_ori   8620 59364.28781545 i 19.584 0.794   36.582    835    416 
 210530   c4d_210530_065525_ori   8621 59364.28848574 z 20.262 0.765   32.454   1608    827 
 210530   c4d_210530_065700_ori   8622 59364.28959116 g 21.050 0.868   40.232   2334   1334 
 210530   c4d_210530_065904_ori   8623 59364.29102651 r 19.090 0.869   49.747    730    459 
 210530   c4d_210530_070022_ori   8624 59364.29192728 i 19.943 0.791   36.339   1214    610 
 210530   c4d_210530_070120_ori   8625 59364.29260302 z 18.659 0.694   38.737    298    150 
 210530   c4d_210530_070219_ori   8626 59364.29328454 g 20.937 0.826   39.921   1927   1092 
 210530   c4d_210530_070423_ori   8627 59364.29472164 r 19.707 0.815   48.105   1122    647 
 210530   c4d_210530_070542_ori   8628 59364.29562882 i 18.371 0.770   42.180    311    151 
 210530   c4d_210530_070640_ori   8629 59364.29630670 z 18.365 0.794   39.066    304    143 
 210530   c4d_210530_070738_ori   8630 59364.29697663 g 20.130 0.860   44.401   1122    649 
 210530   c4d_210530_070942_ori   8631 59364.29840988 r 19.598 0.854   49.477   1175    657 
 210530   c4d_210530_071101_ori   8632 59364.29932102 i 18.196 0.851   42.751    317    149 
 210530   c4d_210530_071159_ori   8633 59364.29999533 z 18.305 0.737   41.127    217     97 
 210530   c4d_210530_071335_ori   8634 59364.30110387 g 19.270 0.875   46.494    691    351 
 210530   c4d_210530_071539_ori   8635 59364.30254102 r 19.353 0.854   49.103    903    599 
 210530   c4d_210530_071658_ori   8636 59364.30345089 i 18.749 0.878   40.889    502    257 
 210530   c4d_210530_071756_ori   8637 59364.30413137 z 18.994 0.813   38.052    595    301 
 210530   c4d_210530_071854_ori   8638 59364.30480082 g 20.945 0.922   40.481   2222   1187 
 210530   c4d_210530_072059_ori   8639 59364.30624673 r 20.048 0.882   46.922   1598    840 
 210530   c4d_210530_072218_ori   8640 59364.30716150 i 18.314 0.793   42.998    334    164 
 210530   c4d_210530_072317_ori   8641 59364.30784368 z 17.655 0.805   42.788    176     42 
 210530   c4d_210530_072416_ori   8642 59364.30852005 g 18.252 1.016   48.689    473    159 
 210530   c4d_210530_072621_ori   8643 59364.30996644 r 18.437 0.893   55.948    530    293 
 210530   c4d_210530_072740_ori   8644 59364.31088621 i 18.789 0.928   43.037    681    266 
 210530   c4d_210530_085314_ori   8645 59364.37030145 z 20.744 1.034   39.165   5496   1787 
 210530   c4d_210530_085451_ori   8646 59364.37142702 g 22.586 0.942   26.490   8077   3813 
 210530   c4d_210530_085656_ori   8647 59364.37287355 r 22.126 0.871   28.176  11965   3956 
 210530   c4d_210530_085814_ori   8648 59364.37378440 i 21.419 0.857   32.101   6050   2827 
 210530   c4d_210530_085913_ori   8649 59364.37445772 z 21.031 0.839   35.862   3869   1939 
 210530   c4d_210530_090010_ori   8650 59364.37512696 g 22.568 0.983   26.715   7760   3614 
 210530   c4d_210530_090215_ori   8651 59364.37656422 r 21.845 0.895   31.453   7479   3059 
 210530   c4d_210530_090333_ori   8652 59364.37747223 i 20.652 0.949   36.586   5844   1590 
 210530   c4d_210530_090431_ori   8653 59364.37813978 z 20.639 0.853   37.592   3811   1574 
 210530   c4d_210530_090529_ori   8654 59364.37881844 g 22.020 0.999   31.555   5778   2675 
 210530   c4d_210530_090734_ori   8655 59364.38026544 r 21.939 0.901   30.388  10603   3526 
 210530   c4d_210530_090854_ori   8656 59364.38118902 i 21.449 0.881   30.271   6191   2839 
 210530   c4d_210530_090953_ori   8657 59364.38187284 z 21.086 0.820   33.995   3687   1971 
 210602   c4d_210602_063952_ori  10059 59367.27768828 g 23.188 1.032   15.057   2871   2064 
 210602   c4d_210602_064156_ori   8659 59367.27912169 r 22.514 0.852   20.340  10778   2449 
 210602   c4d_210602_064315_ori   8660 59367.28003493 i 21.700 0.881   23.573   7090   2301 
 210602   c4d_210602_064414_ori   8661 59367.28072157 z 21.186 0.856   28.684   3578   1642 
 210602   c4d_210602_064512_ori   8662 59367.28139508 g 23.130 1.050   15.554   2824   2056 
 210602   c4d_210602_064717_ori   8663 59367.28284410 r 22.363 0.928   22.073  10406   2590 
 210602   c4d_210602_064836_ori   8664 59367.28375420 i 21.796 0.841   22.474   8771   2392 
 210602   c4d_210602_064934_ori   8665 59367.28442749 z 21.265 0.822   27.664   3461   1543 
 210602   c4d_210602_065033_ori   8666 59367.28510431 g 23.107 1.077   15.719   2736   2044 
 210602   c4d_210602_065237_ori   8667 59367.28654736 r 22.021 1.032   26.788   3341   1077 
 210602   c4d_210602_065356_ori   8668 59367.28746188 i 21.487 0.973   26.370   4580   1646 
 210602   c4d_210602_065456_ori   8669 59367.28815123 z 21.080 0.908   29.983   2929   1459 
 210602   c4d_210602_065634_ori   8670 59367.28929188 g 23.140 1.072   15.410   3887   2150 
 210602   c4d_210602_065839_ori   8671 59367.29073606 r 22.439 0.882   21.203   7709   2065 
 210602   c4d_210602_065958_ori   8672 59367.29165311 i 21.933 0.793   20.939   7143   2296 
 210602   c4d_210602_070056_ori   8673 59367.29232584 z 21.424 0.742   25.925   2462   1176 
 210602   c4d_210602_070155_ori   8674 59367.29300475 g 23.274 0.995   14.343   3030   2172 
 210602   c4d_210602_070359_ori   8675 59367.29444396 r 22.342 0.915   22.486   6500   1849 
 210602   c4d_210602_070518_ori   8676 59367.29535497 i 21.625 0.909   24.578   6419   2331 
 210602   c4d_210602_070618_ori   8677 59367.29604831 z 21.194 0.846   28.573   3231   1654 
 210602   c4d_210602_070716_ori   8678 59367.29672042 g 23.009 1.115   16.488   2434   1844 
 210602   c4d_210602_070920_ori   8679 59367.29815652 r 22.253 0.950   23.548   4497   1570 
 210602   c4d_210602_071040_ori   8680 59367.29907528 i 21.724 0.883   23.329   9120   2848 
 210602   c4d_210602_071139_ori   8681 59367.29975758 z 21.289 0.812   27.375   3177   1610 
 210602   c4d_210602_071316_ori   8682 59367.30088381 g 23.202 1.018   15.002   2997   2224 
 210602   c4d_210602_071521_ori   8683 59367.30232740 r 22.349 0.925   22.311   6407   1927 
 210602   c4d_210602_071640_ori   8684 59367.30324659 i 21.845 0.845   21.864   9045   2616 
 210602   c4d_210602_071738_ori   8685 59367.30391718 z 21.324 0.795   26.942   3253   1572 
 210602   c4d_210602_071837_ori   8686 59367.30460153 g 23.251 0.987   14.637   2986   2149 
 210602   c4d_210602_072041_ori   8687 59367.30603473 r 22.203 0.965   24.182   4153   1404 
 210602   c4d_210602_072159_ori   8688 59367.30694054 i 21.814 0.838   22.139   8338   2611 
 210602   c4d_210602_072258_ori   8689 59367.30761733 z 21.310 0.804   26.994   3149   1599 
 210602   c4d_210602_072356_ori   8690 59367.30829587 g 23.155 1.034   15.340   2913   2207 
 210602   c4d_210602_072600_ori   8691 59367.30972859 r 22.121 1.011   25.417   4361   1591 
 210602   c4d_210602_072719_ori   8692 59367.31063903 i 21.699 0.889   23.561   8736   2814 
 210602   c4d_210602_072816_ori   8693 59367.31130585 z 21.234 0.841   28.048   3607   1780 
 210602   c4d_210602_072954_ori   8694 59367.31243159 g 23.010 1.095   16.511   2341   1814 
 210602   c4d_210602_073158_ori   8695 59367.31386834 r 22.416 0.894   21.461   7914   2229 
 210602   c4d_210602_073316_ori   8696 59367.31477254 i 21.753 0.859   22.894   8223   2654 
 210602   c4d_210602_073415_ori   8697 59367.31545616 z 21.357 0.768   26.641   3041   1458 
 210602   c4d_210602_073513_ori   8698 59367.31612382 g 23.233 1.004   14.735   3549   2435 
 210602   c4d_210602_073718_ori   8699 59367.31757098 r 22.370 0.915   21.962  10389   2679 
 210602   c4d_210602_073838_ori   8700 59367.31849595 i 21.816 0.830   22.246   8041   2622 
 210602   c4d_210602_073935_ori   8701 59367.31916230 z 21.282 0.825   27.516   3957   1755 
 210602   c4d_210602_074033_ori   8702 59367.31983580 g 23.141 1.040   15.470   2908   2126 
 210602   c4d_210602_074237_ori   8703 59367.32127249 r 22.204 0.972   24.169   4902   1756 
 210602   c4d_210602_074355_ori   8704 59367.32217426 i 21.518 0.953   25.968   4508   1877 
 210602   c4d_210602_074454_ori   8705 59367.32285798 z 21.152 0.864   29.275   3383   1794 
 210916   c4d_210916_233858_ori   8706 59473.98540197 g 21.982 1.401   30.641   3741   1593 
 210916   c4d_210916_234103_ori   8707 59473.98684478 r 21.277 1.305   39.652   5925   1446 
 210916   c4d_210916_234222_ori   8708 59473.98776178 i 20.695 1.338   38.088   3914    992 
 210916   c4d_210916_234320_ori   8709 59473.98843603 z 20.382 1.259   43.411   5314   1250 
 210916   c4d_210916_234420_ori   8710 59473.98912837 g 21.928 1.474   30.736   3763   1429 
 210916   c4d_210916_234626_ori   8711 59473.99057968 r 21.139 1.438   41.615   6581   1630 
 210916   c4d_210916_234744_ori   8712 59473.99148957 i 20.989 1.157   34.257   2922   1003 
 210916   c4d_210916_234842_ori   8713 59473.99216048 z 20.409 1.270   43.187   6081   1408 
 210916   c4d_210916_234942_ori   8714 59473.99285059 g 22.009 1.424   30.147   3919   1605 
 210916   c4d_210916_235146_ori   8715 59473.99429097 r 21.433 1.204   37.181   3893   1147 
 210916   c4d_210916_235305_ori   8716 59473.99519827 i 20.943 1.184   34.857   3551    928 
 210916   c4d_210916_235405_ori  10060 59473.99589688 z    nan   nan      nan      0      0 
 210916   c4d_210916_235541_ori   8718 59473.99700464 g 21.912 1.475   30.854   3281   1360 
 210916   c4d_210916_235746_ori   8719 59473.99845183 r 21.330 1.283   38.776   4097   1244 
 210916   c4d_210916_235904_ori   8720 59473.99935210 i 20.396 1.663   41.309  11694   2460 
 210917   c4d_210917_000001_ori   8721 59474.00002189 z 20.249 1.373   45.183   6378   1199 
 210917   c4d_210917_000100_ori   8722 59474.00069563 g 21.793 1.641   31.674   3834   1302 
 210917   c4d_210917_000304_ori   8723 59474.00213741 r 21.001 1.565   43.506   8663   2005 
 210917   c4d_210917_000422_ori   8724 59474.00303792 i 20.475 1.553   40.510  10928   3377 
 210917   c4d_210917_000522_ori   8725 59474.00373005 z 20.388 1.280   43.651   5033   1347 
 210917   c4d_210917_000621_ori   8726 59474.00441831 g 21.992 1.426   30.419   3236   1599 
 210917   c4d_210917_000825_ori   8727 59474.00585367 r 21.513 1.175   35.992   3493   1210 
 210917   c4d_210917_000944_ori   8728 59474.00676285 i 21.084 1.087   32.951   2583    979 
 210917   c4d_210917_001041_ori   8729 59474.00742817 z 20.751 1.020   38.234   1748    881 
 210917   c4d_210917_001218_ori   8730 59474.00854985 g 22.305 1.132   27.801   3217   1878 
 210917   c4d_210917_001424_ori   8731 59474.01000728 r 21.529 1.151   35.663   3028   1079 
 210917   c4d_210917_001544_ori   8732 59474.01092792 i 21.208 1.019   31.232   2029    953 
 210917   c4d_210917_001642_ori   8733 59474.01160441 z 20.842 0.994   36.889   1956   1028 
 210917   c4d_210917_001742_ori   8734 59474.01229478 g 22.164 1.259   29.128   3477   1844 
 210917   c4d_210917_001947_ori   8735 59474.01374682 r 21.703 1.047   33.052   2987   1154 
 210917   c4d_210917_002107_ori   8736 59474.01467489 i 21.022 1.147   33.956   4026   1263 
 210917   c4d_210917_002207_ori   8737 59474.01535969 z 20.565 1.187   40.884  17305   5083 
 210917   c4d_210917_002309_ori   8738 59474.01608182 g 21.923 1.464   31.228   3454   1494 
 210917   c4d_210917_002512_ori   8739 59474.01751133 r 21.290 1.293   39.474   4892   1327 
 210917   c4d_210917_002631_ori   8740 59474.01842220 i 20.633 1.385   40.103   6500   1578 
 210917   c4d_210917_002730_ori   8741 59474.01910002 z 20.246 1.346   46.568  11020   2244 
 210917   c4d_210917_002905_ori   8742 59474.02020215 g 21.875 1.516   31.953   3434   1503 
 210917   c4d_210917_003110_ori   8743 59474.02164889 r 20.856 1.720   45.456   8601   2009 
 210917   c4d_210917_003229_ori   8744 59474.02256059 i 20.062 2.018   46.722  12179   2727 
 210917   c4d_210917_003327_ori   8745 59474.02323442 z 19.839 1.758   52.237  12427   2353 
 210917   c4d_210917_003425_ori  10061 59474.02390514 g    nan   nan      nan      0      0 
 210917   c4d_210917_003630_ori  10062 59474.02535180 r    nan   nan      nan      0      0 
 210917   c4d_210917_003749_ori   8748 59474.02626736 i 20.141 1.820   48.630  10352   2176 
 210917   c4d_210917_003847_ori   8749 59474.02694373 z 19.940 1.570   53.384  25765   3153 
 210917   c4d_210917_003945_ori  10063 59474.02761509 g    nan   nan      nan      0      0 
 210917   c4d_210917_004150_ori  10064 59474.02905489 r    nan   nan      nan      0      0 
 210917   c4d_210917_004308_ori   8752 59474.02996091 i 20.196 1.745   48.722  12238   2205 
 210917   c4d_210917_004407_ori   8753 59474.03064677 z 19.972 1.540   53.636  16078   2660 
 210919   c4d_210919_234044_ori  10065 59476.98662827 g    nan   nan      nan      0      0 
 210919   c4d_210919_234249_ori   8755 59476.98807015 r 20.888 1.735   44.450  10897   2192 
 210919   c4d_210919_234408_ori   8756 59476.98899058 i 20.484 1.574   40.691  10787   1950 
 210919   c4d_210919_234508_ori   8757 59476.98967743 z 20.017 1.630   48.076  11129   2083 
 210919   c4d_210919_234607_ori  10066 59476.99036267 g    nan   nan      nan      0      0 
 210919   c4d_210919_234813_ori   8759 59476.99182460 r 20.937 1.668   43.837  13728   2737 
 210919   c4d_210919_234932_ori   8760 59476.99274049 i 20.536 1.493   40.003   8465   1551 
 210919   c4d_210919_235031_ori  10067 59476.99342039 z    nan   nan      nan      0      0 
 210919   c4d_210919_235131_ori  10068 59476.99411568 g    nan   nan      nan      0      0 
 210919   c4d_210919_235336_ori   8763 59476.99556192 r 20.968 1.624   43.547  10654   2069 
 210919   c4d_210919_235455_ori   8764 59476.99647578 i 20.728 1.350   37.838   6796   1223 
 210919   c4d_210919_235555_ori   8765 59476.99717305 z 20.323 1.352   45.106  18379   6036 
 210919   c4d_210919_235730_ori  10069 59476.99827311 g    nan   nan      nan      0      0 
 210919   c4d_210919_235935_ori   8767 59476.99971144 r 20.918 1.705   44.125  13106   2692 
 210920   c4d_210920_000055_ori   8768 59477.00063669 i 20.517 1.517   40.264  10640   1877 
 210920   c4d_210920_000153_ori   8769 59477.00131473 z 20.245 1.378   45.955   8285   1536 
 210920   c4d_210920_000252_ori  10070 59477.00199687 g    nan   nan      nan      0      0 
 210920   c4d_210920_000458_ori  10071 59477.00344929 r    nan   nan      nan      0      0 
 210920   c4d_210920_000615_ori   8772 59477.00435071 i 20.351 1.699   41.624  10750   1931 
 210920   c4d_210920_000715_ori   8773 59477.00504197 z 20.020 1.638   48.028   6268   1019 
 210920   c4d_210920_000814_ori  10072 59477.00572573 g    nan   nan      nan      0      0 
 210920   c4d_210920_001019_ori   8775 59477.00716521 r 21.003 1.637   43.206   7321   1693 
 210920   c4d_210920_001137_ori   8776 59477.00807353 i 20.301 1.860   41.994  11975   2499 
 210920   c4d_210920_001235_ori   8777 59477.00874802 z 20.013 1.650   48.085  12360   2177 
 210922   c4d_210922_234216_ori   8778 59479.98768823 g 22.875 1.100   17.168    679    457 
 210922   c4d_210922_234420_ori   8779 59479.98912078 r 21.925 1.004   27.953    971    242 
 210922   c4d_210922_234538_ori   8780 59479.99003192 i 20.817 1.500   34.546    542    101 
 210922   c4d_210922_234637_ori   8781 59479.99071693 z 20.467 1.569   40.748   1049     84 
 210922   c4d_210922_234736_ori   8782 59479.99139673 g 22.912 1.087   16.525    426    260 
 210922   c4d_210922_234941_ori  10073 59479.99284328 r    nan   nan      nan      0      0 
 210922   c4d_210922_235146_ori   8784 59479.99428434 i 21.292 1.031   29.312   1668    395 
 210922   c4d_210922_235245_ori   8785 59479.99497546 z 20.955 0.954   34.828    767    341 
 210922   c4d_210922_235344_ori   8786 59479.99564979 g 22.920 1.109   16.346    525    339 
 210922   c4d_210922_235549_ori   8787 59479.99709669 r 22.032 0.971   26.300    746    177 
 210922   c4d_210922_235707_ori   8788 59479.99800671 i 21.508 0.866   26.363   4207   1321 
 210922   c4d_210922_235807_ori   8789 59479.99869685 z 21.014 0.921   33.819    990    436 
 210922   c4d_210922_235906_ori   8790 59479.99937518 g 22.880 1.117   16.611   1269    262 
 210923   c4d_210923_000110_ori   8791 59480.00081819 r 21.912 1.028   27.983   1207    284 
 210923   c4d_210923_000229_ori   8792 59480.00173111 i 21.302 0.994   28.980    302     89 
 210923   c4d_210923_000327_ori   8793 59480.00240547 z 20.948 0.903   34.767   1158    511 
 210923   c4d_210923_000426_ori   8794 59480.00308823 g 22.802 1.159   17.231    495    260 
 210923   c4d_210923_000630_ori   8795 59480.00452290 r 22.023 0.946   26.332    287     89 
 210923   c4d_210923_000748_ori   8796 59480.00542372 i 21.464 0.920   26.889   2233    641 
 210923   c4d_210923_000846_ori   8797 59480.00609487 z 21.061 0.854   33.197   2171   1017 
 210923   c4d_210923_000946_ori   8798 59480.00678578 g 22.714 1.203   18.011    848    317 
 210923   c4d_210923_001150_ori   8799 59480.00822539 r 21.790 1.047   29.713    387     85 
 210923   c4d_210923_001309_ori   8800 59480.00913565 i 21.359 0.966   28.332    474    127 
 210923   c4d_210923_001408_ori   8801 59480.00981889 z 21.068 0.862   33.081   2153    961 
 210923   c4d_210923_001508_ori   8802 59480.01051034 g 22.870 1.176   16.818   1104    722 
 210923   c4d_210923_001712_ori   8803 59480.01195388 r 21.940 1.035   27.790   1930    482 
 210923   c4d_210923_001832_ori   8804 59480.01288038 i 21.408 0.938   27.815   1628    519 
 210923   c4d_210923_001930_ori   8805 59480.01354834 z 20.940 0.976   35.140   1674    633 
 210923   c4d_210923_002029_ori   8806 59480.01422858 g 22.832 1.131   17.283    710    487 
 210923   c4d_210923_002233_ori   8807 59480.01566484 r 21.899 1.033   28.315   3229    433 
 210923   c4d_210923_002352_ori   8808 59480.01657536 i 21.546 0.902   25.954   3906   1469 
 210923   c4d_210923_002450_ori   8809 59480.01725658 z 21.075 0.876   32.888   2427   1243 
 210923   c4d_210923_002549_ori   8810 59480.01793573 g 22.877 1.103   17.211    999    685 
 210923   c4d_210923_002755_ori   8811 59480.01939643 r 22.121 0.942   25.238   1292    370 
 210923   c4d_210923_002915_ori   8812 59480.02031433 i 21.686 0.832   24.253   4852   1861 
 210923   c4d_210923_003013_ori   8813 59480.02098924 z 21.248 0.796   30.645   2605   1192 
 210923   c4d_210923_003111_ori   8814 59480.02166645 g 22.929 1.077   17.164   1424   1012 
 210923   c4d_210923_003315_ori   8815 59480.02309623 r 22.202 0.909   24.243   1371    480 
 210923   c4d_210923_003433_ori   8816 59480.02399850 i 21.564 0.895   25.828   4717   1791 
 210923   c4d_210923_003531_ori   8817 59480.02466878 z 21.177 0.833   31.672   2865   1390 
 210923   c4d_210923_003631_ori   8818 59480.02536108 g 22.996 0.980   17.052   1284    900 
 210923   c4d_210923_003834_ori   8819 59480.02678910 r 22.188 0.904   24.525   1859    597 
 210923   c4d_210923_003953_ori   8820 59480.02770665 i 21.642 0.849   24.835   5458   2014 
 210923   c4d_210923_004052_ori   8821 59480.02838899 z 21.192 0.795   31.447   2456   1135 
 210923   c4d_210923_004152_ori   8822 59480.02907986 g 22.841 1.027   18.658   1073    744 
 210923   c4d_210923_004356_ori   8823 59480.03051447 r 22.149 0.901   25.179    635    221 
 210923   c4d_210923_004515_ori   8824 59480.03142589 i 21.529 0.912   26.230   3767   1397 
 210923   c4d_210923_004613_ori   8825 59480.03210511 z 20.248 2.177   41.664      5      0 
 211016   c4d_211016_235830_ori   8941 59503.99896498 g 22.365 1.135   26.043   4326   2281 
 211017   c4d_211017_000034_ori   8942 59504.00040482 r 21.868 1.002   29.646   3205   1259 
 211017   c4d_211017_000154_ori   8943 59504.00132447 i 21.204 1.058   31.066   3838   1630 
 211017   c4d_211017_000252_ori   8944 59504.00199984 z 20.920 0.917   34.931   1636    895 
 211017   c4d_211017_000351_ori   8945 59504.00267761 g 22.384 1.138   25.386   4251   2150 
 211017   c4d_211017_000556_ori   8946 59504.00412606 r 21.765 1.039   30.833   2795    964 
 211017   c4d_211017_000715_ori   8947 59504.00503769 i 21.250 0.994   30.143   1915    762 
 211017   c4d_211017_000813_ori   8948 59504.00571353 z 20.835 0.967   36.030   1477    655 
 211017   c4d_211017_000912_ori   8949 59504.00639115 g 22.339 1.175   25.605   4058   2085 
 211017   c4d_211017_001115_ori   8950 59504.00782202 r 21.804 1.021   30.173   2855    916 
 211017   c4d_211017_001234_ori   8951 59504.00872872 i 21.065 1.266   32.363   8440   1050 
 211017   c4d_211017_001331_ori   8952 59504.00939646 z 20.723 1.053   37.595   3046    981 
 211017   c4d_211017_001430_ori   8953 59504.01007052 g 22.283 1.224   26.027   4655   2079 
 211017   c4d_211017_001634_ori   8954 59504.01150646 r 21.770 1.051   30.623   3044   1017 
 211017   c4d_211017_001752_ori   8955 59504.01240837 i 21.242 1.014   30.195   2526    931 
 211017   c4d_211017_001851_ori   8956 59504.01309838 z 20.754 1.032   37.520   3048    887 
 211017   c4d_211017_001950_ori   8957 59504.01378348 g 22.241 1.263   26.404   5973   2497 
 211017   c4d_211017_002156_ori   8958 59504.01523383 r 21.791 1.040   30.373   4755   1289 
 211017   c4d_211017_002314_ori   8959 59504.01614219 i 21.238 1.052   30.374   4508   1477 
 211017   c4d_211017_002413_ori   8960 59504.01681963 z 20.802 1.001   37.081   2290   1050 
 211017   c4d_211017_002511_ori   8961 59504.01749391 g 22.354 1.173   25.533   4991   2472 
 211017   c4d_211017_002715_ori   8962 59504.01893196 r 21.692 1.101   31.888   3628   1397 
 211017   c4d_211017_002833_ori   8963 59504.01983546 i 21.277 1.002   29.750   3324   1390 
 211017   c4d_211017_002931_ori   8964 59504.02050831 z 20.937 0.913   35.110   2229   1224 
 211020   c4d_211020_000103_ori   8826 59507.00073851 g 22.085 1.197   31.930   5732   2293 
 211020   c4d_211020_000309_ori   8827 59507.00218972 r 21.484 1.198   36.169   4003   1455 
 211020   c4d_211020_000427_ori   8828 59507.00309723 i 20.912 1.195   35.843   3581   1232 
 211020   c4d_211020_000526_ori   8829 59507.00377320 z 20.674 1.065   39.213   3601   1459 
 211020   c4d_211020_000624_ori   8830 59507.00445355 g 21.706 1.594   34.373   4633   1676 
 211020   c4d_211020_000829_ori   8831 59507.00589270 r 21.117 1.495   41.630   5888   1762 
 211020   c4d_211020_000948_ori   8832 59507.00680629 i 20.937 1.197   35.047   3887   1311 
 211020   c4d_211020_001046_ori   8833 59507.00748581 z 20.227 1.430   45.179   9181   1547 
 211020   c4d_211020_001145_ori   8834 59507.00816019 g 21.847 1.452   33.560   4783   1923 
 211020   c4d_211020_001348_ori   8835 59507.00959476 r 21.358 1.273   37.994   4302   1466 
 211020   c4d_211020_001507_ori   8836 59507.01050852 i 21.078 1.118   32.977   3193   1394 
 211020   c4d_211020_001606_ori   8837 59507.01118626 z 20.579 1.136   40.317   3647   1338 
 211020   c4d_211020_001706_ori   8838 59507.01187961 g 21.900 1.392   33.324   5476   2208 
 211020   c4d_211020_001911_ori   8839 59507.01332993 r 21.124 1.479   41.372   4762   1433 
 211020   c4d_211020_002030_ori   8840 59507.01423713 i 20.733 1.371   37.585   7272   1475 
 211020   c4d_211020_002129_ori   8841 59507.01492209 z 20.435 1.263   42.363   5086   1418 
 211020   c4d_211020_002228_ori   8842 59507.01560890 g 21.852 1.438   33.989   5188   2084 
 211020   c4d_211020_002432_ori   8843 59507.01704015 r 21.305 1.358   38.735   4097   1469 
 211020   c4d_211020_002550_ori   8844 59507.01794882 i 21.081 1.131   32.798   4393   1618 
 211020   c4d_211020_002648_ori   8845 59507.01861713 z 20.671 1.163   38.932   3087   1074 
 211020   c4d_211020_002746_ori   8846 59507.01928749 g 22.107 1.200   32.129   7347   2891 
 211020   c4d_211020_002951_ori   8847 59507.02073106 r 21.659 1.110   33.304   4360   1890 
 211020   c4d_211020_003109_ori   8848 59507.02164204 i 21.267 1.008   30.289   4553   1871 
 211020   c4d_211020_003208_ori   8849 59507.02232076 z 20.831 0.985   36.587   2562   1363 
 211023   c4d_211023_000236_ori   8850 59510.00181490 g 22.632 1.241   19.725   4431   2164 
 211023   c4d_211023_000442_ori   8851 59510.00326697 r 21.696 1.195   31.033   5003   1858 
 211023   c4d_211023_000600_ori   8852 59510.00417492 i 21.374 0.993   28.568   7375   2528 
 211023   c4d_211023_000658_ori   8853 59510.00484514 z 20.750 1.087   36.971   4397   1365 
 211023   c4d_211023_000756_ori   8854 59510.00551382 g 22.850 1.176   16.986   4093   2062 
 211023   c4d_211023_001000_ori   8855 59510.00695303 r 21.794 1.151   29.177   4369   1605 
 211023   c4d_211023_001120_ori   8856 59510.00787074 i 21.443 1.002   26.946  10461   2922 
 211023   c4d_211023_001219_ori   8857 59510.00855493 z 20.920 0.999   33.947   3269   1559 
 211023   c4d_211023_001318_ori   8858 59510.00924564 g 22.907 1.189   16.125   5767   2473 
 211023   c4d_211023_001522_ori   8859 59510.01067879 r 21.986 1.061   26.265   5703   1967 
 211023   c4d_211023_001640_ori   8860 59510.01157892 i 21.496 0.983   26.005  12504   3077 
 211023   c4d_211023_001738_ori   8861 59510.01225392 z 21.081 0.932   31.561   8205   2366 
 211023   c4d_211023_001837_ori   8862 59510.01293055 g 22.869 1.212   16.270   4285   2144 
 211023   c4d_211023_002041_ori   8863 59510.01437073 r 21.849 1.138   28.031   5681   1984 
 211023   c4d_211023_002200_ori   8864 59510.01528234 i 21.092 1.176   31.315   4067   1199 
 211023   c4d_211023_002258_ori   8865 59510.01595684 z 20.140 1.566   43.884   9758   1934 
 211023   c4d_211023_002356_ori  10078 59510.01662460 g    nan   nan      nan      0      0 
 211023   c4d_211023_002600_ori   8867 59510.01805982 r 21.106 1.633   38.822   6121   1497 
 211023   c4d_211023_002718_ori   8868 59510.01896672 i 20.731 1.453   36.066   5115   1168 
 211023   c4d_211023_002817_ori   8869 59510.01964374 z 20.370 1.372   41.281   6153   1322 
 211023   c4d_211023_002915_ori   8870 59510.02032117 g 22.386 1.539   19.890   4038   1403 
 211023   c4d_211023_003119_ori   8871 59510.02175512 r 21.284 1.488   36.341   4587   1509 
 211023   c4d_211023_003237_ori   8872 59510.02265814 i 20.699 1.475   36.444   5574   1262 
 211023   c4d_211023_003335_ori  10079 59510.02332740 z    nan   nan      nan      0      0 
